#t                         m_x                       m_y                       m_z                       unnamed_x                 unnamed_y                 unnamed_z             
+5.000000000000000e-12    +7.869491452483887e-01    -8.897159666990040e-03    -2.927666675097611e-04    +9.997964326728909e-01    -1.130358746773921e-02    -3.719516966873391e-04
+9.999999999999999e-12    +7.864296429503643e-01    -1.770012605928530e-02    -1.002623813180345e-03    +9.991364198277581e-01    -2.248750506787612e-02    -1.273804943792399e-03
+1.500000000000000e-11    +7.854403724352770e-01    -2.607807480822041e-02    -2.132837761794605e-03    +9.978795798681435e-01    -3.313144988041898e-02    -2.709709513744015e-03
+2.000000000000000e-11    +7.839459767700587e-01    -3.367968594672966e-02    -3.664150924600958e-03    +9.959809928195288e-01    -4.278907991247043e-02    -4.655199189567472e-03
+2.500000000000000e-11    +7.821159462560633e-01    -4.017183105777591e-02    -5.545685711379300e-03    +9.936559912732118e-01    -5.103716501633068e-02    -7.045635444730029e-03
+3.000000000000000e-11    +7.803534188635821e-01    -4.528473808121707e-02    -7.700028360123791e-03    +9.914167505165112e-01    -5.753296748779936e-02    -9.782666303680848e-03
+3.500000000000000e-11    +7.791579676570396e-01    -4.883338558566525e-02    -1.003803390274402e-02    +9.898979638719708e-01    -6.204142287806604e-02    -1.275303562830010e-02
+4.000000000000000e-11    +7.788865302552515e-01    -5.069996375593244e-02    -1.247918310979353e-02    +9.895531103987314e-01    -6.441285717875288e-02    -1.585444603527118e-02
+4.500000000000001e-11    +7.795996416960226e-01    -5.079895383455479e-02    -1.495704640201703e-02    +9.904590981348972e-01    -6.453862124886366e-02    -1.900250063978342e-02
+5.000000000000001e-11    +7.810163215328744e-01    -4.906376951580602e-02    -1.741976741373335e-02    +9.922589494412697e-01    -6.233411908707862e-02    -2.213131740901111e-02
+5.500000000000001e-11    +7.826886520152759e-01    -4.545582012861533e-02    -1.981677179370449e-02    +9.943835975975714e-01    -5.775032234702495e-02    -2.517664307289504e-02
+6.000000000000001e-11    +7.841744301913731e-01    -3.998695539171339e-02    -2.208107951508510e-02    +9.962712363721663e-01    -5.080228575820659e-02    -2.805338141866891e-02
+6.500000000000001e-11    +7.851856643682308e-01    -3.274121456948196e-02    -2.413228200022097e-02    +9.975559805373057e-01    -4.159677880787782e-02    -3.065937564296064e-02
+7.000000000000000e-11    +7.856669884118125e-01    -2.388797016784100e-02    -2.588210286351727e-02    +9.981674889996229e-01    -3.034898443159949e-02    -3.288247311692517e-02
+7.500000000000000e-11    +7.857157241061831e-01    -1.366745509632969e-02    -2.725119888301306e-02    +9.982294063085997e-01    -1.736411168565955e-02    -3.462187054119772e-02
+8.000000000000000e-11    +7.854397740240170e-01    -2.365528416299538e-03    -2.817230077111354e-02    +9.978788196037139e-01    -3.005336350236635e-03    -3.579210420548420e-02
+8.499999999999999e-11    +7.849290581567100e-01    +9.696222995115286e-03    -2.859040685898815e-02    +9.972299696680784e-01    +1.231877462406707e-02    -3.632329605906186e-02
+8.999999999999999e-11    +7.841801736273160e-01    +2.216686931565519e-02    -2.846263640154382e-02    +9.962785332436371e-01    +2.816237491219716e-02    -3.616096733893408e-02
+9.499999999999998e-11    +7.829943335127120e-01    +3.466050237819750e-02    -2.776736221708675e-02    +9.947719572171428e-01    +4.403517920009210e-02    -3.527764132791170e-02
+9.999999999999998e-11    +7.810903603398044e-01    +4.675457390851773e-02    -2.651064480891457e-02    +9.923530136327043e-01    +5.940035196317886e-02    -3.368101772249195e-02
+1.050000000000000e-10    +7.784322567811028e-01    +5.802844242571637e-02    -2.473187211943545e-02    +9.889759689129646e-01    +7.372348020339149e-02    -3.142113777953089e-02
+1.100000000000000e-10    +7.754982409827931e-01    +6.813565488091454e-02    -2.250879360828244e-02    +9.852483855662285e-01    +8.656440520850683e-02    -2.859677996883526e-02
+1.150000000000000e-10    +7.731590847553357e-01    +7.682369124957439e-02    -1.993478088549865e-02    +9.822765543293595e-01    +9.760230749325580e-02    -2.532657025651441e-02
+1.200000000000000e-10    +7.722274505258117e-01    +8.387129371160966e-02    -1.708767258664300e-02    +9.810929396258450e-01    +1.065560853110277e-01    -2.170940040784421e-02
+1.250000000000000e-10    +7.730082112151294e-01    +8.903176228406852e-02    -1.403792235368620e-02    +9.820848738018518e-01    +1.131123133733079e-01    -1.783477976448470e-02
+1.300000000000000e-10    +7.750500075953844e-01    +9.202817109481755e-02    -1.085634663693417e-02    +9.846789178383047e-01    +1.169191652619022e-01    -1.379267860573275e-02
+1.350000000000000e-10    +7.773080155965204e-01    +9.261039835814547e-02    -7.626360475653291e-03    +9.875476525692767e-01    +1.176588683855347e-01    -9.689073358646366e-03
+1.400000000000000e-10    +7.787485677859020e-01    +9.063576611791509e-02    -4.448699595215390e-03    +9.893778330183172e-01    +1.151501544723884e-01    -5.651945887717816e-03
+1.450000000000000e-10    +7.789479502412019e-01    +8.613103929558134e-02    -1.429622093223118e-03    +9.896311427382020e-01    +1.094270275914086e-01    -1.816294073772298e-03
+1.500000000000000e-10    +7.783677805397342e-01    +7.930982182719115e-02    +1.330970333147535e-03    +9.888940536881984e-01    +1.007608654479451e-01    +1.690959827720937e-03
+1.550000000000000e-10    +7.780974374767952e-01    +7.051519136671680e-02    +3.757818208187728e-03    +9.885505905412386e-01    +8.958753841131267e-02    +4.774200800476717e-03
+1.600000000000000e-10    +7.789964387977883e-01    +6.008498387891745e-02    +5.832574295377534e-03    +9.896927460656768e-01    +7.633625743425744e-02    +7.410119204052848e-03
+1.650000000000001e-10    +7.808573088284450e-01    +4.823097387731746e-02    +7.569067163990284e-03    +9.920569283378756e-01    +6.127607599301871e-02    +9.616283841099318e-03
+1.700000000000001e-10    +7.824299183812364e-01    +3.509819732854251e-02    +8.925183004652833e-03    +9.940548838987423e-01    +4.459125814445104e-02    +1.133919031856638e-02
+1.750000000000001e-10    +7.822901040482987e-01    +2.093768944566041e-02    +9.778154751721113e-03    +9.938772537784837e-01    +2.660073696322117e-02    +1.242286658283178e-02
+1.800000000000001e-10    +7.798032246111555e-01    +6.182940538424929e-03    +1.000423386910007e-02    +9.907177444191354e-01    +7.855249517800403e-03    +1.271009365007255e-02
+1.850000000000001e-10    +7.755486592481635e-01    -8.669584345382404e-03    +9.561270187967669e-03    +9.853124405336470e-01    -1.101445951572157e-02    +1.214732093359665e-02
+1.900000000000001e-10    +7.710796968187600e-01    -2.326744732431848e-02    +8.496077494516682e-03    +9.796347512933130e-01    -2.956062786613167e-02    +1.079402401288472e-02
+1.950000000000001e-10    +7.680091887540924e-01    -3.743353268044190e-02    +6.885059666533372e-03    +9.757337584171100e-01    -4.755823506795599e-02    +8.747271834404683e-03
+2.000000000000001e-10    +7.672375512885370e-01    -5.097772234159594e-02    +4.791581750552379e-03    +9.747534150365531e-01    -6.476574153572487e-02    +6.087567881595083e-03
+2.050000000000001e-10    +7.686479361312637e-01    -6.360960418808297e-02    +2.295615940670247e-03    +9.765452687325238e-01    -8.081418695855702e-02    +2.916514544970637e-03
+2.100000000000001e-10    +7.711340350656958e-01    -7.490396001788156e-02    -5.038061628378796e-04    +9.797037864854496e-01    -9.516334374480237e-02    -6.400713532828640e-04
+2.150000000000001e-10    +7.731110006099409e-01    -8.430667763224022e-02    -3.505757028692267e-03    +9.822154647947636e-01    -1.071092281580819e-01    -4.453964264740549e-03
+2.200000000000001e-10    +7.734491205968701e-01    -9.128235556793854e-02    -6.578556902071574e-03    +9.826450365895720e-01    -1.159716279175795e-01    -8.357868818512771e-03
+2.250000000000002e-10    +7.721249433769698e-01    -9.552953834487894e-02    -9.528469910401221e-03    +9.809627072183836e-01    -1.213675524381589e-01    -1.210564911693654e-02
+2.300000000000002e-10    +7.700641174698278e-01    -9.716772559439378e-02    -1.215292839756187e-02    +9.783444867110468e-01    -1.234488225913886e-01    -1.543994873337885e-02
+2.350000000000002e-10    +7.683680725619592e-01    -9.679359254666189e-02    -1.432633462818108e-02    +9.761897100539036e-01    -1.229734972304985e-01    -1.820119932910351e-02
+2.400000000000002e-10    +7.676935789984121e-01    -9.532774618052028e-02    -1.609099798394407e-02    +9.753327852287518e-01    -1.211111812516784e-01    -2.044315376620190e-02
+2.450000000000001e-10    +7.680001619490545e-01    -9.360276305060124e-02    -1.770968507585267e-02    +9.757222901188981e-01    -1.189196394092006e-01    -2.249964952564906e-02
+2.500000000000001e-10    +7.685431858075159e-01    -9.188704618741209e-02    -1.961490632206143e-02    +9.764121864353553e-01    -1.167398700941811e-01    -2.492017875160162e-02
+2.550000000000001e-10    +7.680867820425433e-01    -8.963334111416216e-02    -2.221631308625881e-02    +9.758323384758864e-01    -1.138766021103003e-01    -2.822519181182260e-02
+2.600000000000001e-10    +7.653663549026443e-01    -8.565171226217143e-02    -2.557358947554389e-02    +9.723761134246994e-01    -1.088180562735280e-01    -3.249051566123691e-02
+2.650000000000001e-10    +7.599207942342741e-01    -7.877278991524758e-02    -2.928878924296926e-02    +9.654576839899462e-01    -1.000785817285528e-01    -3.721057094888403e-02
+2.700000000000000e-10    +7.532198394106596e-01    -6.856499551103291e-02    -3.273503036477728e-02    +9.569443121048580e-01    -8.710987022741652e-02    -4.158892195227288e-02
+2.750000000000000e-10    +7.485798413608400e-01    -5.541861723993127e-02    -3.544564204451186e-02    +9.510493269894543e-01    -7.040777177877124e-02    -4.503267674141458e-02
+2.800000000000000e-10    +7.492884096900470e-01    -4.007028618175381e-02    -3.733721924198790e-02    +9.519495428320200e-01    -5.090815514902718e-02    -4.743587159279852e-02
+2.850000000000000e-10    +7.557899304474101e-01    -2.314945839902967e-02    -3.867502488922280e-02    +9.602095394269826e-01    -2.941072630348186e-02    -4.913551549201507e-02
+2.900000000000000e-10    +7.647482855936184e-01    -5.015999508216770e-03    -3.989010090865397e-02    +9.715908740047956e-01    -6.372684238727016e-03    -5.067923490131720e-02
+2.950000000000000e-10    +7.712826260537989e-01    +1.414002647957039e-02    -4.130022079154770e-02    +9.798925670956454e-01    +1.796450014277926e-02    -5.247075197338071e-02
+2.999999999999999e-10    +7.721199416440753e-01    +3.394556669901048e-02    -4.299589575671589e-02    +9.809563526594705e-01    +4.312687382107535e-02    -5.462505862887974e-02
+3.049999999999999e-10    +7.668516860391642e-01    +5.381494701853336e-02    -4.503930653062971e-02    +9.742631842482682e-01    +6.837035452478681e-02    -5.722115370640797e-02
+3.099999999999999e-10    +7.572703658004960e-01    +7.362701792565522e-02    -4.766137169733274e-02    +9.620903902974044e-01    +9.354102525542300e-02    -6.055241267750464e-02
+3.149999999999999e-10    +7.457846020120910e-01    +9.463196979210813e-02    -5.101262396055032e-02    +9.474980551617634e-01    +1.202272172048619e-01    -6.481008304665452e-02
+3.199999999999999e-10    +7.341759664440386e-01    +1.192428639437007e-01    -5.463014516980633e-02    +9.327496149363470e-01    +1.514946559284734e-01    -6.940604051350083e-02
+3.249999999999999e-10    +7.229557312639088e-01    +1.493152336581448e-01    -5.729815666293467e-02    +9.184946263204005e-01    +1.897007435061294e-01    -7.279567298119739e-02
+3.299999999999998e-10    +7.113517973470876e-01    +1.842567573868518e-01    -5.748194291266352e-02    +9.037521594087068e-01    +2.340929523128242e-01    -7.302916816695713e-02
+3.349999999999998e-10    +6.981923888278292e-01    +2.207392199048318e-01    -5.406405618748752e-02    +8.870335064016095e-01    +2.804428798790916e-01    -6.868684061536877e-02
+3.399999999999998e-10    +6.829549867294717e-01    +2.545191290828818e-01    -4.691039902204461e-02    +8.676748218498500e-01    +3.233592905469864e-01    -5.959832332329240e-02
+3.449999999999998e-10    +6.665264741207834e-01    +2.826914871250338e-01    -3.684900633995752e-02    +8.468028653842211e-01    +3.591514675136905e-01    -4.681561103240261e-02
+3.499999999999998e-10    +6.514144839430972e-01    +3.045698130310582e-01    -2.539841452792394e-02    +8.276035130989225e-01    +3.869472562578209e-01    -3.226796088907460e-02
+3.549999999999998e-10    +6.410420990200018e-01    +3.211778785189363e-01    -1.399148383002875e-02    +8.144256940403000e-01    +4.080473295327429e-01    -1.777578094534671e-02
+3.599999999999997e-10    +6.381401559528235e-01    +3.337499547847247e-01    -3.279868583072691e-03    +8.107388581832398e-01    +4.240197936719083e-01    -4.166979440529081e-03
+3.649999999999997e-10    +6.435603192056720e-01    +3.424052979540875e-01    +7.014086869904255e-03    +8.176250209263127e-01    +4.350161601798830e-01    +8.911197214369676e-03
+3.699999999999997e-10    +6.558593758968370e-01    +3.458407167975308e-01    +1.765524183836719e-02    +8.332506214868003e-01    +4.393807617874337e-01    +2.243048094601490e-02
+3.749999999999997e-10    +6.710459636140582e-01    +3.418098780582776e-01    +2.939832630341311e-02    +8.525447478173640e-01    +4.342596961931467e-01    +3.734973465843054e-02
+3.799999999999997e-10    +6.837846991807943e-01    +3.273191164927095e-01    +4.272697179101032e-02    +8.687289478425972e-01    +4.158495971321770e-01    +5.428339840445976e-02
+3.849999999999997e-10    +6.900981406896851e-01    +2.996099358614021e-01    +5.749397061475640e-02    +8.767499951194017e-01    +3.806458738487293e-01    +7.304444901924387e-02
+3.899999999999996e-10    +6.889426339214609e-01    +2.580846809397766e-01    +7.275876747824260e-02    +8.752819567438906e-01    +3.278892224346542e-01    +9.243793783836282e-02
+3.949999999999996e-10    +6.817826626724994e-01    +2.049896088369194e-01    +8.738310280031972e-02    +8.661854175888827e-01    +2.604334484478977e-01    +1.110177385453193e-01
+3.999999999999996e-10    +6.720846655629448e-01    +1.435577668924100e-01    +1.008206234483429e-01    +8.538643890030464e-01    +1.823860462752207e-01    +1.280897250758103e-01
+4.049999999999996e-10    +6.633484480889782e-01    +7.559377355751450e-02    +1.128550891893631e-01    +8.427652739989004e-01    +9.603973216240055e-02    +1.433791703845010e-01
+4.099999999999996e-10    +6.568358940437133e-01    +1.109030722504593e-03    +1.228291469641177e-01    +8.344912599265044e-01    +1.408991885663400e-03    +1.560509261678121e-01
+4.149999999999995e-10    +6.509732833587271e-01    -8.093591596579752e-02    +1.293345282045112e-01    +8.270429803465713e-01    -1.028267716488544e-01    +1.643158273963020e-01
+4.199999999999995e-10    +6.422098879766459e-01    -1.712513840817088e-01    +1.307118901329264e-01    +8.159093365857137e-01    -2.175699966497144e-01    +1.660657264219809e-01
+4.249999999999995e-10    +6.265972566886763e-01    -2.680609943230571e-01    +1.258361169382886e-01    +7.960739340560852e-01    -3.405638439042313e-01    +1.598711957131608e-01
+4.299999999999995e-10    +6.009041279493633e-01    -3.657329201258617e-01    +1.150696903462923e-01    +7.634315471713995e-01    -4.646532384725588e-01    +1.461927579585649e-01
+4.349999999999995e-10    +5.632303641171533e-01    -4.564090372851780e-01    +1.003362789209365e-01    +7.155681052803538e-01    -5.798546577915910e-01    +1.274743791749863e-01
+4.399999999999995e-10    +5.137177054999629e-01    -5.325259289871206e-01    +8.382470151159087e-02    +6.526636853994565e-01    -6.765589966287984e-01    +1.064968912504579e-01
+4.449999999999994e-10    +4.560040582719262e-01    -5.880345438173263e-01    +6.662863912734876e-02    +5.793401435117278e-01    -7.470811077778439e-01    +8.464978469777312e-02
+4.499999999999994e-10    +3.974278420533807e-01    -6.216562758992086e-01    +4.885373423788852e-02    +5.049207323358089e-01    -7.897965589587961e-01    +6.206727526004695e-02
+4.549999999999994e-10    +3.448669460561650e-01    -6.386529692462284e-01    +3.059091935413124e-02    +4.381436138480310e-01    -8.113903728388807e-01    +3.886489009755632e-02
+4.599999999999994e-10    +3.015244115645334e-01    -6.457885668545386e-01    +1.203643359083035e-02    +3.830781605981169e-01    -8.204559459789672e-01    +1.529194540571996e-02
+4.649999999999994e-10    +2.689156729828631e-01    -6.475315472214291e-01    -6.478630000160006e-03    +3.416496887524216e-01    -8.226703527974485e-01    -8.230914541146210e-03
+4.699999999999994e-10    +2.490354341542047e-01    -6.466031309418613e-01    -2.423607873456298e-02    +3.163924126227117e-01    -8.214908264075259e-01    -3.079124643200060e-02
+4.749999999999994e-10    +2.435463430415570e-01    -6.444121426837016e-01    -4.048399928414617e-02    +3.094186790006878e-01    -8.187072383475316e-01    -5.143376583990780e-02
+4.799999999999994e-10    +2.529934927372369e-01    -6.407456987570674e-01    -5.470366377421274e-02    +3.214210131053730e-01    -8.140491259643143e-01    -6.949944380247375e-02
+4.849999999999994e-10    +2.766642161219205e-01    -6.339113098264222e-01    -6.661985988951655e-02    +3.514939916983210e-01    -8.053662298539163e-01    -8.463863092663147e-02
+4.899999999999993e-10    +3.114241165030258e-01    -6.218038659167131e-01    -7.652264151976632e-02    +3.956554532246879e-01    -7.899840678644097e-01    -9.721983240228378e-02
+4.949999999999993e-10    +3.522422516473796e-01    -6.036951761648426e-01    -8.509340782543762e-02    +4.475137291400952e-01    -7.669774942838695e-01    -1.081087464184220e-01
+4.999999999999993e-10    +3.942704917146193e-01    -5.809639835231676e-01    -9.257460702179093e-02    +5.009094088284989e-01    -7.380981626894836e-01    -1.176133965140371e-01
+5.049999999999993e-10    +4.349502675332452e-01    -5.561751637908479e-01    -9.899330091198648e-02    +5.525919031687879e-01    -7.066046745928390e-01    -1.257681639378092e-01
+5.099999999999993e-10    +4.742380771702299e-01    -5.314107736869141e-01    -1.047098026380339e-01    +6.025059441964212e-01    -6.751422236419358e-01    -1.330308162547725e-01
+5.149999999999993e-10    +5.127712639897771e-01    -5.062913356623124e-01    -1.107851388019353e-01    +6.514612584684017e-01    -6.432286944394640e-01    -1.407493574853371e-01
+5.199999999999992e-10    +5.502396082800892e-01    -4.769515896421543e-01    -1.185228968391608e-01    +6.990637206933143e-01    -6.059533843592630e-01    -1.505799582671224e-01
+5.249999999999992e-10    +5.848053979390140e-01    -4.375052777803989e-01    -1.280967017649997e-01    +7.429785700862908e-01    -5.558379707780751e-01    -1.627432042274934e-01
+5.299999999999992e-10    +6.127829629135680e-01    -3.828711876493840e-01    -1.380947944657505e-01    +7.785232680192229e-01    -4.864269183039321e-01    -1.754454956984226e-01
+5.349999999999992e-10    +6.308073183719126e-01    -3.118152915352658e-01    -1.465021600740867e-01    +8.014226972864001e-01    -3.961524299405858e-01    -1.861268137913955e-01
+5.399999999999992e-10    +6.375008175347282e-01    -2.279406637512100e-01    -1.524317810584078e-01    +8.099265969671982e-01    -2.895921087856564e-01    -1.936602280444288e-01
+5.449999999999992e-10    +6.331946230444242e-01    -1.368108473890939e-01    -1.565742215411683e-01    +8.044556997487473e-01    -1.738142775762186e-01    -1.989230804691766e-01
+5.499999999999991e-10    +6.179988467958940e-01    -4.305005981895520e-02    -1.596708498560765e-01    +7.851498996513592e-01    -5.469387252433017e-02    -2.028572583779433e-01
+5.549999999999991e-10    +5.914534302492689e-01    +4.834762293817395e-02    -1.613124880945425e-01    +7.514247054283516e-01    +6.142427529614159e-02    -2.049429129141583e-01
+5.599999999999991e-10    +5.565302441367933e-01    +1.315204468494173e-01    -1.606525517795927e-01    +7.070557940397971e-01    +1.670929746573242e-01    -2.041044826579441e-01
+5.649999999999991e-10    +5.211941872819598e-01    +2.047342984260532e-01    -1.575406727642890e-01    +6.621623421547480e-01    +2.601090838564249e-01    -2.001509291695186e-01
+5.699999999999991e-10    +4.898662461075102e-01    +2.731785204975964e-01    -1.514213706882532e-01    +6.223610868661171e-01    +3.470655148753583e-01    -1.923765305021977e-01
+5.749999999999990e-10    +4.601035220076579e-01    +3.439870122307003e-01    -1.422828946310037e-01    +5.845483952057591e-01    +4.370256830325523e-01    -1.807663574468335e-01
+5.799999999999990e-10    +4.293468153211138e-01    +4.212101297430445e-01    -1.314050136875496e-01    +5.454728770332760e-01    +5.351354501946372e-01    -1.669463201191697e-01
+5.849999999999990e-10    +3.975443270013024e-01    +5.015200426636681e-01    -1.196741527458436e-01    +5.050687231381311e-01    +6.371669028382085e-01    -1.520425960443473e-01
+5.899999999999990e-10    +3.629297533724424e-01    +5.718190390968823e-01    -1.073691679124562e-01    +4.610918951034504e-01    +7.264797717558407e-01    -1.364094639483315e-01
+5.949999999999990e-10    +3.211614208485353e-01    +6.182745620924687e-01    -9.540203769288808e-02    +4.080264205321342e-01    +7.855001880678510e-01    -1.212055664981605e-01
+5.999999999999990e-10    +2.695091974313016e-01    +6.353997839081393e-01    -8.443448965508754e-02    +3.424037446273610e-01    +8.072572936996707e-01    -1.072716096858681e-01
+6.049999999999989e-10    +2.114699897629450e-01    +6.233028121325463e-01    -7.485054528392299e-02    +2.686665874903916e-01    +7.918884362577265e-01    -9.509548184954977e-02
+6.099999999999989e-10    +1.577340550821728e-01    +5.901669689146343e-01    -6.845295017278678e-02    +2.003966158860360e-01    +7.497902930131332e-01    -8.696751982249837e-02
+6.149999999999989e-10    +1.175651956058547e-01    +5.524165328049881e-01    -6.517780462932964e-02    +1.493632261791503e-01    +7.018294411815234e-01    -8.280654086902427e-02
+6.199999999999989e-10    +8.925027813433767e-02    +5.209699813620841e-01    -6.230222501157307e-02    +1.133899315255109e-01    +6.618774949314816e-01    -7.915319902214743e-02
+6.249999999999989e-10    +6.219009864005556e-02    +4.980771680131060e-01    -5.801779613249557e-02    +7.901074566677034e-02    +6.327928288404723e-01    -7.370995439165690e-02
+6.299999999999989e-10    +2.652045300487859e-02    +4.842682134040366e-01    -5.307937402445328e-02    +3.369347875557777e-02    +6.152489460617042e-01    -6.743583002610441e-02
+6.349999999999988e-10    -2.115325023062125e-02    +4.738392147564766e-01    -4.994731879628843e-02    -2.687460078927562e-02    +6.019992008816775e-01    -6.345664323498679e-02
+6.399999999999988e-10    -7.765025419242098e-02    +4.605809001037197e-01    -5.091188154260078e-02    -9.865243212535865e-02    +5.851548904543535e-01    -6.468209267943326e-02
+6.449999999999988e-10    -1.360258295991311e-01    +4.523148532258923e-01    -5.572913070125252e-02    -1.728169348753229e-01    +5.746531137758236e-01    -7.080227027057392e-02
+6.499999999999988e-10    -1.926011731159469e-01    +4.566895177242689e-01    -6.001440030121037e-02    -2.446942943805579e-01    +5.802110001856715e-01    -7.624658301295215e-02
+6.549999999999988e-10    -2.499180981692923e-01    +4.727190706898078e-01    -5.985792961815999e-02    -3.175138120661976e-01    +6.005760898093838e-01    -7.604779147518095e-02
+6.599999999999988e-10    -3.123634061469902e-01    +4.980325169777281e-01    -5.773261842441844e-02    -3.968487939137941e-01    +6.327361009741858e-01    -7.334764425137032e-02
+6.649999999999987e-10    -3.802173093032907e-01    +5.207799264110593e-01    -5.929164369133263e-02    -4.830552415962404e-01    +6.616360355396089e-01    -7.532834136467075e-02
+6.699999999999987e-10    -4.454571485051085e-01    +5.224083925095540e-01    -6.537490150162269e-02    -5.659405956193935e-01    +6.637049552478700e-01    -8.305694682092016e-02
+6.749999999999987e-10    -4.985096554536798e-01    +4.973525413964172e-01    -7.361187365537042e-02    -6.333422917922682e-01    +6.318722114018998e-01    -9.352178489218275e-02
+6.799999999999987e-10    -5.364344020861940e-01    +4.495102733712333e-01    -8.249537694131180e-02    -6.815246001690602e-01    +5.710899751019143e-01    -1.048080223174979e-01
+6.849999999999987e-10    -5.611816649144773e-01    +3.819185126562651e-01    -8.880122875347474e-02    -7.129652914049937e-01    +4.852165719106892e-01    -1.128194271011888e-01
+6.899999999999987e-10    -5.777789285282920e-01    +3.009845378878030e-01    -8.987052193868796e-02    -7.340516412071603e-01    +3.823922664976555e-01    -1.141779335796730e-01
+6.949999999999986e-10    -5.905064743208440e-01    +2.163432963611699e-01    -8.808014408860755e-02    -7.502216249436033e-01    +2.748579844588561e-01    -1.119033096113327e-01
+6.999999999999986e-10    -5.969645852223076e-01    +1.360963709878492e-01    -8.681577792080160e-02    -7.584264705553884e-01    +1.729065556967216e-01    -1.102969684750631e-01
+7.049999999999986e-10    -6.016376374383670e-01    +6.855526253073385e-02    -8.625829720520510e-02    -7.643634500457664e-01    +8.709750475368669e-02    -1.095887051341564e-01
+7.099999999999986e-10    -6.113374135286106e-01    +1.570336541949513e-02    -8.596267747159196e-02    -7.766867387758031e-01    +1.995067765454468e-02    -1.092131286983997e-01
+7.149999999999986e-10    -6.229099807539709e-01    -2.679827360874611e-02    -8.501570487134440e-02    -7.913893552010749e-01    -3.404644190490819e-02    -1.080100270325765e-01
+7.199999999999985e-10    -6.341197237394185e-01    -6.993801980241210e-02    -8.194286284579173e-02    -8.056310137830827e-01    -8.885425840901988e-02    -1.041060689256709e-01
+7.249999999999985e-10    -6.470947509578597e-01    -1.192523655005256e-01    -7.529162017297079e-02    -8.221154156089930e-01    -1.515067273852832e-01    -9.565585490958076e-02
+7.299999999999985e-10    -6.632183872970941e-01    -1.674726173419129e-01    -6.710666224688443e-02    -8.426000354742238e-01    -2.127691813376164e-01    -8.525709943028494e-02
+7.349999999999985e-10    -6.813036854100997e-01    -2.090651416027461e-01    -5.900066262998559e-02    -8.655768906450895e-01    -2.656112965275583e-01    -7.495865822965912e-02
+7.399999999999985e-10    -6.969787520633355e-01    -2.398538227455540e-01    -4.945807208538884e-02    -8.854916155246347e-01    -3.047274373343019e-01    -6.283506924992330e-02
+7.449999999999985e-10    -7.038415367013497e-01    -2.588560233937082e-01    -3.838385130726725e-02    -8.942105875709457e-01    -3.288691910113612e-01    -4.876558776506411e-02
+7.499999999999984e-10    -6.973706810622714e-01    -2.690253936522594e-01    -2.629499820017116e-02    -8.859895501337047e-01    -3.417890857319028e-01    -3.340704485977081e-02
+7.549999999999984e-10    -6.823146893145620e-01    -2.716362228231756e-01    -1.289847255783029e-02    -8.668613422557215e-01    -3.451060696909824e-01    -1.638714131416652e-02
+7.599999999999984e-10    -6.680457477274422e-01    -2.661806475712404e-01    +7.500541140275604e-04    -8.487330591475196e-01    -3.381749170135857e-01    +9.529223483427095e-04
+7.649999999999984e-10    -6.597813539877934e-01    -2.543536434414012e-01    +1.293824674326502e-02    -8.382333827338716e-01    -3.231490457617801e-01    +1.643767328176597e-02
+7.699999999999984e-10    -6.554747454751361e-01    -2.392225138198076e-01    +2.289427057069931e-02    -8.327619595118355e-01    -3.039253773591600e-01    +2.908651744962295e-02
+7.749999999999984e-10    -6.548489330710864e-01    -2.236843281067160e-01    +3.015351711669846e-02    -8.319668827106607e-01    -2.841845558080363e-01    +3.830918303659953e-02
+7.799999999999983e-10    -6.621422069031575e-01    -2.091308950306411e-01    +3.450647215911284e-02    -8.412327789935897e-01    -2.656948343813604e-01    +4.383948820214834e-02
+7.849999999999983e-10    -6.774062205646120e-01    -1.942440166828647e-01    +3.617986437380535e-02    -8.606252727768768e-01    -2.467814802521755e-01    +4.596548525902813e-02
+7.899999999999983e-10    -6.966417250003206e-01    -1.767724158821067e-01    +3.595500869683126e-02    -8.850634322584716e-01    -2.245843100040661e-01    +4.567981253790969e-02
+7.949999999999983e-10    -7.170469043820841e-01    -1.565328059372220e-01    +3.522635589066158e-02    -9.109876303812087e-01    -1.988704631261978e-01    +4.475407994049312e-02
+7.999999999999983e-10    -7.349378969323722e-01    -1.350455521942621e-01    +3.562775354103782e-02    -9.337176258793415e-01    -1.715715204056134e-01    +4.526404420102077e-02
+8.049999999999983e-10    -7.477077957594596e-01    -1.138382159073456e-01    +3.754455718501871e-02    -9.499414179375764e-01    -1.446282048252134e-01    +4.769928853282774e-02
+8.099999999999982e-10    -7.564700712179507e-01    -9.421959575903212e-02    +4.013637285154109e-02    -9.610736388674710e-01    -1.197033077633361e-01    +5.099211637714401e-02
+8.149999999999982e-10    -7.629864898236211e-01    -7.586988836266974e-02    +4.289652498186587e-02    -9.693525627535831e-01    -9.639052814314371e-02    +5.449881089507524e-02
+8.199999999999982e-10    -7.674620085664379e-01    -5.734655115113602e-02    +4.537028547600710e-02    -9.750385816030179e-01    -7.285715679747305e-02    +5.764165301170133e-02
+8.249999999999982e-10    -7.687380435708244e-01    -3.843765970536884e-02    +4.677575190190921e-02    -9.766597476631815e-01    -4.883394979937677e-02    +5.942725799944794e-02
+8.299999999999982e-10    -7.666323594762838e-01    -1.917568516225814e-02    +4.638379571439165e-02    -9.739845361088272e-01    -2.436216080167784e-02    +5.892928884806085e-02
+8.349999999999982e-10    -7.633426886428039e-01    +1.042352508192399e-04    +4.343570960709473e-02    -9.698051031888725e-01    +1.324279117107984e-04    +5.518382957526675e-02
+8.399999999999981e-10    -7.609857868034308e-01    +1.805302309229298e-02    +3.825482118666505e-02    -9.668107266584531e-01    +2.293585067804964e-02    +4.860165867883998e-02
+8.449999999999981e-10    -7.604731723561990e-01    +3.355030716531571e-02    +3.229981541127663e-02    -9.661594646312007e-01    +4.262470786263434e-02    +4.103599377313557e-02
+8.499999999999981e-10    -7.614996202768743e-01    +4.621200505328008e-02    +2.721576116670929e-02    -9.674635374237214e-01    +5.871103371533350e-02    +3.457684793388376e-02
+8.549999999999981e-10    -7.626616625621944e-01    +5.625462767515008e-02    +2.419020306490805e-02    -9.689398789872049e-01    +7.146989918033955e-02    +3.073296270281122e-02
+8.599999999999981e-10    -7.634011347595711e-01    +6.429628148285912e-02    +2.343541378432153e-02    -9.698793573124083e-01    +8.168659086656048e-02    +2.977402446047797e-02
+8.649999999999980e-10    -7.647200789520798e-01    +7.156744851394627e-02    +2.391656152583334e-02    -9.715550382716253e-01    +9.092440108967861e-02    +3.038530893604634e-02
+8.699999999999980e-10    -7.673792914576477e-01    +7.883630914507875e-02    +2.414535495602037e-02    -9.749334918767140e-01    +1.001592810974698e-01    +3.067598446025417e-02
+8.749999999999980e-10    -7.706217159644908e-01    +8.591715819631307e-02    +2.326873894930826e-02    -9.790528996868966e-01    +1.091552977580950e-01    +2.956226883882340e-02
+8.799999999999980e-10    -7.733048867763483e-01    +9.171779128421616e-02    +2.100081157773587e-02    -9.824617916364526e-01    +1.165248365695253e-01    +2.668093183077113e-02
+8.849999999999980e-10    -7.745853341074682e-01    +9.476280148441518e-02    +1.742493026200854e-02    -9.840885634318207e-01    +1.203934351365274e-01    +2.213787666041779e-02
+8.899999999999980e-10    -7.746326002604914e-01    +9.423578019458735e-02    +1.273806425001316e-02    -9.841486137304507e-01    +1.197238696268703e-01    +1.618334713649315e-02
+8.949999999999979e-10    -7.746374013859103e-01    +9.040046376439759e-02    +7.364408369465373e-03    -9.841547134232905e-01    +1.148512095468277e-01    +9.356270682794715e-03
+8.999999999999979e-10    -7.756134639850196e-01    +8.407220579945804e-02    +1.957879630966149e-03    -9.853947731025560e-01    +1.068113383854157e-01    +2.487430201128208e-03
+9.049999999999979e-10    -7.774082825033448e-01    +7.541336052399003e-02    -2.778356894964970e-03    -9.876750388131826e-01    +9.581052255157047e-02    -3.529823151915795e-03
+9.099999999999979e-10    -7.788119334406717e-01    +6.398631797106943e-02    -6.186963889782899e-03    -9.894583372745012e-01    +8.129279106994429e-02    -7.860361070890432e-03
+9.149999999999979e-10    -7.790559360104360e-01    +4.994032854060415e-02    -8.032917554486693e-03    -9.897683355765342e-01    +6.344776231461370e-02    -1.020559252579947e-02
+9.199999999999979e-10    -7.784711754392304e-01    +3.428772470388369e-02    -8.536465099917538e-03    -9.890254139575335e-01    +4.356157580245272e-02    -1.084533531304660e-02
+9.249999999999978e-10    -7.779093748532206e-01    +1.848330781093994e-02    -8.109207660420595e-03    -9.883116623445384e-01    +2.348251513449441e-02    -1.030251692837555e-02
+9.299999999999978e-10    -7.780560115226515e-01    +3.600278689271507e-03    -7.174792994359779e-03    -9.884979600486291e-01    +4.574051337238239e-03    -9.115369759583639e-03
+9.349999999999979e-10    -7.788967344542291e-01    -1.020236191055127e-02    -5.978351170101088e-03    -9.895660745423458e-01    -1.296180967295843e-02    -7.595324563503121e-03
+9.399999999999980e-10    -7.797530109679194e-01    -2.309258445909211e-02    -4.690516263630679e-03    -9.906539494182997e-01    -2.933846958574482e-02    -5.959167064463791e-03
+9.449999999999981e-10    -7.802095203012698e-01    -3.504130918339816e-02    -3.567157907990070e-03    -9.912339314993800e-01    -4.451898337940412e-02    -4.531972329754134e-03
+9.499999999999982e-10    -7.804151126730979e-01    -4.599155925445342e-02    -2.652718748005546e-03    -9.914951307410077e-01    -5.843096361856118e-02    -3.370203471411512e-03
+9.549999999999983e-10    -7.805927207307137e-01    -5.573153597202913e-02    -1.671801167691454e-03    -9.917207767099887e-01    -7.080532609845887e-02    -2.123975677067058e-03
+9.599999999999983e-10    -7.808764167581009e-01    -6.387145449415663e-02    -2.569188129530937e-04    -9.920812044172400e-01    -8.114686030026848e-02    -3.264080204267594e-04
+9.649999999999984e-10    -7.812678693312642e-01    -6.996277045508788e-02    +1.870281273610340e-03    -9.925785337409608e-01    -8.888570340696030e-02    +2.376138987812641e-03
+9.699999999999985e-10    -7.816361636947268e-01    -7.367874267626824e-02    +4.734205059545193e-03    -9.930464412200998e-01    -9.360674007506038e-02    +6.014672432970570e-03
+9.749999999999986e-10    -7.818094601058730e-01    -7.491495376525095e-02    +8.113218144412800e-03    -9.932666093652781e-01    -9.517731098711782e-02    +1.030761213384455e-02
+9.799999999999987e-10    -7.817389040970063e-01    -7.370911900939101e-02    +1.169473756403608e-02    -9.931769699693975e-01    -9.364533233947446e-02    +1.485783035430887e-02
+9.849999999999988e-10    -7.816434651947808e-01    -7.028980275583256e-02    +1.517836107302798e-02    -9.930557175675628e-01    -8.930118861286916e-02    +1.928367461387178e-02
+9.899999999999989e-10    -7.816660825163816e-01    -6.509269979793034e-02    +1.825524142971316e-02    -9.930844522292491e-01    -8.269841760928125e-02    +2.319276330524352e-02
+9.949999999999989e-10    -7.816933436299239e-01    -5.860501404523704e-02    +2.065149449709434e-02    -9.931190866960820e-01    -7.445599799295623e-02    +2.623713444792134e-02
+9.999999999999990e-10    -7.816782159700211e-01    -5.118733951499660e-02    +2.217751313544755e-02    -9.930998674358581e-01    -6.503205417289891e-02    +2.817589758151153e-02
+1.004999999999999e-09    -7.817186150250428e-01    -4.303945676314117e-02    +2.278438507774958e-02    -9.931511932824368e-01    -5.468040164448706e-02    +2.894691106652056e-02
