5e-12 0.788231 0.590819 2.91125e-05
1e-11 0.788373 0.590638 0.000597241
1.5e-11 0.788752 0.590139 0.0010973
2e-11 0.789329 0.589375 0.00148836
2.5e-11 0.79005 0.588418 0.00174194
3e-11 0.790851 0.587353 0.00184413
3.5e-11 0.791664 0.586269 0.00179551
4e-11 0.792424 0.585252 0.00161004
4.5e-11 0.793072 0.584378 0.00131224
5e-11 0.793564 0.583704 0.000934179
5.5e-11 0.793873 0.583269 0.000511618
6e-11 0.793984 0.583091 8.06265e-05
6.5e-11 0.793904 0.583163 -0.000325452
7e-11 0.793653 0.583464 -0.000678583
7.5e-11 0.793261 0.583957 -0.000957902
8e-11 0.792768 0.584595 -0.00115073
8.5e-11 0.792217 0.585322 -0.00125235
9e-11 0.791653 0.586085 -0.0012655
9.5e-11 0.791115 0.58683 -0.00119886
1e-10 0.790635 0.587512 -0.00106567
1.05e-10 0.790239 0.588094 -0.000881681
1.1e-10 0.789942 0.58855 -0.00066375
1.15e-10 0.78975 0.588865 -0.000428093
1.2e-10 0.789662 0.589033 -0.0001893
1.25e-10 0.789671 0.589058 4.07131e-05
1.3e-10 0.789767 0.588948 0.000253214
1.35e-10 0.789935 0.588718 0.000442596
1.4e-10 0.790163 0.588385 0.000605657
1.45e-10 0.790438 0.587969 0.000740537
1.5e-10 0.790749 0.587488 0.000845654
1.55e-10 0.791087 0.586964 0.000918701
1.6e-10 0.791444 0.586417 0.000956153
1.65e-10 0.79181 0.58587 0.000953204
1.7e-10 0.792171 0.585347 0.000904479
1.75e-10 0.792513 0.584874 0.000805289
1.8e-10 0.792817 0.584479 0.000653256
1.85e-10 0.793063 0.584186 0.000449844
1.9e-10 0.793228 0.584021 0.000201491
1.95e-10 0.793292 0.584 -7.97859e-05
2e-10 0.79324 0.584136 -0.000376883
2.05e-10 0.793062 0.58443 -0.000668757
2.1e-10 0.792758 0.584875 -0.000932328
2.15e-10 0.79234 0.585451 -0.00114453
2.2e-10 0.791831 0.586125 -0.00128472
2.25e-10 0.791264 0.586857 -0.00133684
2.3e-10 0.790678 0.587597 -0.00129139
2.35e-10 0.790119 0.588294 -0.00114674
2.4e-10 0.789634 0.588893 -0.000909621
2.45e-10 0.789266 0.589348 -0.000594821
2.5e-10 0.789049 0.589616 -0.000224177
2.55e-10 0.789009 0.589669 0.000175151
2.6e-10 0.789155 0.589495 0.000572781
2.65e-10 0.789481 0.589096 0.000937414
2.7e-10 0.789966 0.588496 0.00123923
2.75e-10 0.790572 0.587731 0.00145226
2.8e-10 0.791254 0.586858 0.0015567
2.85e-10 0.791956 0.585939 0.00154096
2.9e-10 0.792622 0.585046 0.0014031
2.95e-10 0.793196 0.584253 0.00115157
3e-10 0.793633 0.583626 0.000805061
3.05e-10 0.793895 0.58322 0.000391253
3.1e-10 0.793963 0.583072 -5.55207e-05
3.15e-10 0.793832 0.583198 -0.000497381
3.2e-10 0.793514 0.58359 -0.000896643
3.25e-10 0.793037 0.584214 -0.00121951
3.3e-10 0.792442 0.585019 -0.00143956
3.35e-10 0.791778 0.585936 -0.00154011
3.4e-10 0.7911 0.586887 -0.00151574
3.45e-10 0.790462 0.587795 -0.0013723
3.5e-10 0.789913 0.588585 -0.00112593
3.55e-10 0.789495 0.589197 -0.000800971
3.6e-10 0.789234 0.589587 -0.000427231
3.65e-10 0.789144 0.589733 -3.69258e-05
3.7e-10 0.789226 0.589633 0.000338379
3.75e-10 0.789464 0.589305 0.000670481
3.8e-10 0.789833 0.588786 0.000936766
3.85e-10 0.790298 0.588124 0.00112157
3.9e-10 0.790821 0.587378 0.00121682
3.95e-10 0.791361 0.586606 0.00122188
4e-10 0.791879 0.585869 0.0011428
4.05e-10 0.792339 0.585217 0.000991115
4.1e-10 0.792714 0.584693 0.000782435
4.15e-10 0.792984 0.584324 0.000534915
4.2e-10 0.793138 0.584126 0.000267767
4.25e-10 0.793174 0.584099 -1.64164e-07
4.3e-10 0.793097 0.584232 -0.000251768
4.35e-10 0.792919 0.584503 -0.000472752
4.4e-10 0.792659 0.584883 -0.000652387
4.45e-10 0.792337 0.58534 -0.000783769
4.5e-10 0.791977 0.585838 -0.000863744
4.55e-10 0.791601 0.586348 -0.000892424
4.6e-10 0.791232 0.58684 -0.00087258
4.65e-10 0.790887 0.587291 -0.000808835
4.7e-10 0.790584 0.587684 -0.000706925
4.75e-10 0.790335 0.588006 -0.000573063
4.8e-10 0.790149 0.588246 -0.000413617
4.85e-10 0.790032 0.588399 -0.000235012
4.9e-10 0.78999 0.588459 -4.39073e-05
4.95e-10 0.790022 0.588425 0.00015244
5e-10 0.790128 0.588294 0.000345852
5.05e-10 0.790304 0.588069 0.000527075
5.1e-10 0.790543 0.587755 0.000685962
5.15e-10 0.790836 0.587363 0.000811955
5.2e-10 0.79117 0.586907 0.000894901
5.25e-10 0.791529 0.586412 0.00092604
5.3e-10 0.791895 0.585903 0.000899205
5.35e-10 0.792247 0.585413 0.000811961
5.4e-10 0.792561 0.584975 0.000666431
5.45e-10 0.792815 0.584621 0.000469628
5.5e-10 0.79299 0.584382 0.000233244
5.55e-10 0.793067 0.584279 -2.71575e-05
5.6e-10 0.793037 0.584327 -0.000293466
5.65e-10 0.792893 0.58453 -0.000546553
5.7e-10 0.792641 0.58488 -0.000767843
5.75e-10 0.792293 0.58536 -0.000940702
5.8e-10 0.791869 0.585938 -0.00105162
5.85e-10 0.791398 0.586576 -0.0010912
5.9e-10 0.790912 0.587232 -0.00105483
5.95e-10 0.790449 0.587856 -0.000943071
6e-10 0.790044 0.588402 -0.000761708
6.05e-10 0.789732 0.588826 -0.000521596
6.1e-10 0.789538 0.589092 -0.000238212
6.15e-10 0.789483 0.589176 6.9138e-05
6.2e-10 0.789573 0.589064 0.000378438
6.25e-10 0.789806 0.588761 0.000666408
6.3e-10 0.790165 0.588285 0.000910301
6.35e-10 0.790623 0.587669 0.00108986
6.4e-10 0.791145 0.586959 0.00118927
6.45e-10 0.791689 0.586209 0.00119879
6.5e-10 0.792214 0.585478 0.00111597
6.55e-10 0.792676 0.584827 0.000946126
6.6e-10 0.79304 0.584308 0.000702162
6.65e-10 0.793278 0.583964 0.000403563
6.7e-10 0.793372 0.583822 7.46204e-05
6.75e-10 0.793316 0.583894 -0.000257827
6.8e-10 0.793117 0.584171 -0.000566918
6.85e-10 0.792794 0.584628 -0.000828205
6.9e-10 0.792373 0.585224 -0.00102178
6.95e-10 0.791889 0.58591 -0.00113379
7e-10 0.79138 0.586628 -0.00115741
7.05e-10 0.790887 0.58732 -0.00109304
7.1e-10 0.790447 0.587932 -0.000948028
7.15e-10 0.79009 0.58842 -0.00073583
7.2e-10 0.789841 0.58875 -0.000474794
7.25e-10 0.789715 0.588904 -0.000186545
7.3e-10 0.789716 0.588879 0.000105851
7.35e-10 0.789839 0.588685 0.000379798
7.4e-10 0.790069 0.588347 0.000615054
7.45e-10 0.790386 0.587896 0.000795379
7.5e-10 0.790762 0.587374 0.000909787
7.55e-10 0.791167 0.586824 0.000953228
7.6e-10 0.791571 0.586285 0.000926691
7.65e-10 0.791945 0.585797 0.000836699
7.7e-10 0.792266 0.585388 0.000694336
7.75e-10 0.792514 0.585079 0.000513857
7.8e-10 0.792677 0.584881 0.000311114
7.85e-10 0.79275 0.584798 0.000102003
7.9e-10 0.792736 0.584823 -9.89174e-05
7.95e-10 0.792641 0.584945 -0.000279523
8e-10 0.792479 0.585148 -0.000430826
8.05e-10 0.792263 0.585414 -0.000547197
8.1e-10 0.792011 0.585725 -0.000626156
8.15e-10 0.791738 0.586064 -0.00066779
8.2e-10 0.79146 0.586416 -0.000674003
8.25e-10 0.791191 0.586767 -0.000647724
8.3e-10 0.790942 0.587105 -0.000592231
8.35e-10 0.790724 0.587415 -0.000510758
8.4e-10 0.790545 0.587687 -0.000406456
8.45e-10 0.790411 0.587905 -0.000282645
8.5e-10 0.790327 0.588058 -0.000143196
8.55e-10 0.790299 0.588133 7.0777e-06
8.6e-10 0.790328 0.588121 0.000162159
8.65e-10 0.790415 0.588015 0.000314772
8.7e-10 0.79056 0.587815 0.000456599
8.75e-10 0.790759 0.587527 0.000578726
8.8e-10 0.791004 0.587162 0.000672284
8.85e-10 0.791286 0.586741 0.00072919
8.9e-10 0.791589 0.586288 0.000742957
8.95e-10 0.791897 0.585833 0.000709456
9e-10 0.79219 0.585407 0.000627557
9.05e-10 0.792448 0.585043 0.000499546
9.1e-10 0.792648 0.584771 0.000331282
9.15e-10 0.792774 0.584614 0.000132071
9.2e-10 0.792811 0.58459 -8.57631e-05
9.25e-10 0.79275 0.584707 -0.00030758
9.3e-10 0.792589 0.584963 -0.000517364
9.35e-10 0.792335 0.585342 -0.000698849
9.4e-10 0.792002 0.585822 -0.000836761
9.45e-10 0.791612 0.586369 -0.000918113
9.5e-10 0.791193 0.586941 -0.000933491
9.55e-10 0.790777 0.587497 -0.000878202
9.6e-10 0.790398 0.58799 -0.000753163
9.65e-10 0.790089 0.588382 -0.00056533
9.7e-10 0.789877 0.588639 -0.000327551
9.75e-10 0.789783 0.588738 -5.77787e-05
9.8e-10 0.789817 0.58867 0.000222364
9.85e-10 0.789978 0.588437 0.000489519
9.9e-10 0.790256 0.588059 0.000720832
9.95e-10 0.790627 0.587563 0.000896205
1e-09 0.791062 0.586989 0.00100031
1.005e-09 0.791523 0.586384 0.00102409
1.01e-09 0.791973 0.585796 0.000965612
1.015e-09 0.792375 0.585271 0.000830166
1.02e-09 0.792695 0.584851 0.000629707
1.025e-09 0.79291 0.584567 0.000381648
1.03e-09 0.793004 0.58444 0.000107215
1.035e-09 0.792973 0.584477 -0.000170509
1.04e-09 0.792821 0.584669 -0.000428656
1.045e-09 0.792566 0.585 -0.000646586
1.05e-09 0.792232 0.585437 -0.000807644
1.055e-09 0.791847 0.585943 -0.000900518
1.06e-09 0.791444 0.586476 -0.000920061
1.065e-09 0.791057 0.586995 -0.000867521
1.07e-09 0.790713 0.587459 -0.0007502
1.075e-09 0.790438 0.587836 -0.000580591
1.08e-09 0.790249 0.588103 -0.000375058
1.085e-09 0.790154 0.588245 -0.000152206
1.09e-09 0.790154 0.58826 6.89371e-05
1.095e-09 0.790244 0.588155 0.000270738
1.1e-09 0.790408 0.587945 0.000438581
1.105e-09 0.79063 0.587653 0.000562106
1.11e-09 0.79089 0.587307 0.000635893
1.115e-09 0.791165 0.586935 0.000659528
1.12e-09 0.791437 0.586564 0.000637066
1.125e-09 0.791687 0.586216 0.000576003
1.13e-09 0.791904 0.585912 0.000485935
1.135e-09 0.792078 0.585665 0.000377111
1.14e-09 0.792203 0.58548 0.000259118
1.145e-09 0.792279 0.585363 0.000139925
1.15e-09 0.792307 0.585311 2.53762e-05
1.155e-09 0.79229 0.585322 -8.08333e-05
1.16e-09 0.792234 0.58539 -0.000176789
1.165e-09 0.792142 0.585511 -0.000261726
1.17e-09 0.792019 0.585679 -0.000335308
1.175e-09 0.79187 0.585888 -0.000396964
1.18e-09 0.7917 0.586132 -0.000445403
1.185e-09 0.791513 0.586404 -0.00047838
1.19e-09 0.791315 0.586692 -0.000492769
1.195e-09 0.791115 0.586985 -0.00048495
1.2e-09 0.790921 0.587268 -0.000451471
1.205e-09 0.790744 0.587523 -0.000389858
1.21e-09 0.790595 0.587732 -0.000299425
1.215e-09 0.790487 0.587879 -0.000181946
1.22e-09 0.79043 0.587947 -4.20679e-05
1.225e-09 0.790433 0.587926 0.000112638
1.23e-09 0.790502 0.587811 0.00027201
1.235e-09 0.790637 0.587602 0.000424015
1.24e-09 0.790835 0.587308 0.000555776
1.245e-09 0.791085 0.586947 0.000654802
1.25e-09 0.791374 0.58654 0.000710305
1.255e-09 0.791682 0.586116 0.000714433
1.26e-09 0.791985 0.585709 0.000663293
1.265e-09 0.79226 0.585348 0.000557634
1.27e-09 0.792484 0.585067 0.000403116
1.275e-09 0.792634 0.584889 0.00021012
1.28e-09 0.792696 0.584833 -6.91646e-06
1.285e-09 0.79266 0.584907 -0.000230629
1.29e-09 0.792525 0.585109 -0.00044223
1.295e-09 0.792298 0.585426 -0.000623253
1.3e-09 0.791996 0.585833 -0.000757348
1.305e-09 0.791642 0.5863 -0.000831942
1.31e-09 0.791264 0.586789 -0.000839567
1.315e-09 0.790895 0.587262 -0.00077869
1.32e-09 0.790564 0.58768 -0.000653969
1.325e-09 0.790302 0.58801 -0.000475871
1.33e-09 0.79013 0.588225 -0.000259702
1.335e-09 0.790063 0.588311 -2.41328e-05
1.34e-09 0.790105 0.588261 0.00021062
1.345e-09 0.790253 0.58808 0.000424754
1.35e-09 0.790492 0.587785 0.000600735
1.355e-09 0.790799 0.5874 0.00072487
1.36e-09 0.791148 0.586958 0.000788422
1.365e-09 0.791508 0.586493 0.000788186
1.37e-09 0.79185 0.586042 0.000726501
1.375e-09 0.792146 0.58564 0.000610745
1.38e-09 0.792375 0.585316 0.000452422
1.385e-09 0.792522 0.585093 0.000265966
1.39e-09 0.792579 0.584986 6.73658e-05
1.395e-09 0.792547 0.584996 -0.000127247
1.4e-09 0.792434 0.585121 -0.000302945
1.405e-09 0.792253 0.585344 -0.00044718
1.41e-09 0.792022 0.585645 -0.000550708
1.415e-09 0.791763 0.585997 -0.000608186
1.42e-09 0.791496 0.586372 -0.0006184
1.425e-09 0.791241 0.58674 -0.000584092
1.43e-09 0.791014 0.587076 -0.000511422
1.435e-09 0.790829 0.587357 -0.000409118
1.44e-09 0.790695 0.587567 -0.000287423
1.445e-09 0.790614 0.587697 -0.000156952
1.45e-09 0.790588 0.587746 -2.76286e-05
1.455e-09 0.790612 0.587716 9.21711e-05
1.46e-09 0.79068 0.587616 0.000196169
1.465e-09 0.790785 0.587459 0.000280393
1.47e-09 0.790916 0.58726 0.00034305
1.475e-09 0.791067 0.587032 0.000384133
1.48e-09 0.791228 0.586791 0.000404844
1.485e-09 0.791392 0.586549 0.000406979
1.49e-09 0.791553 0.586317 0.000392373
1.495e-09 0.791706 0.586104 0.000362531
1.5e-09 0.791844 0.585918 0.000318485
1.505e-09 0.791963 0.585765 0.000260901
1.51e-09 0.792057 0.585649 0.000190404
1.515e-09 0.792122 0.585577 0.000108015
1.52e-09 0.792152 0.585552 1.56021e-05
1.525e-09 0.792143 0.585578 -8.3763e-05
1.53e-09 0.792093 0.585656 -0.00018564
1.535e-09 0.792001 0.585788 -0.000284277
1.54e-09 0.791869 0.585969 -0.000372921
1.545e-09 0.791701 0.586193 -0.000444336
1.55e-09 0.791506 0.586452 -0.000491497
1.555e-09 0.791294 0.58673 -0.000508368
1.56e-09 0.79108 0.58701 -0.000490675
1.565e-09 0.790879 0.587275 -0.000436596
1.57e-09 0.790706 0.587504 -0.000347258
1.575e-09 0.790575 0.587677 -0.000226976
1.58e-09 0.7905 0.587778 -8.31682e-05
1.585e-09 0.790489 0.587795 7.40679e-05
1.59e-09 0.790546 0.587722 0.000232698
1.595e-09 0.79067 0.587559 0.000379768
1.6e-09 0.790854 0.587315 0.000502585
1.605e-09 0.791086 0.587005 0.000589954
1.61e-09 0.79135 0.58665 0.00063331
1.615e-09 0.791626 0.586277 0.000627638
1.62e-09 0.791892 0.585915 0.000572076
1.625e-09 0.792127 0.585595 0.000470119
1.63e-09 0.792311 0.585343 0.00032941
1.635e-09 0.792428 0.58518 0.000161128
1.64e-09 0.792469 0.585122 -2.0986e-05
1.645e-09 0.792428 0.585174 -0.000201863
1.65e-09 0.792309 0.585333 -0.00036649
1.655e-09 0.79212 0.585587 -0.000501306
1.66e-09 0.791878 0.585914 -0.00059544
1.665e-09 0.791601 0.586288 -0.000641692
1.67e-09 0.791312 0.586679 -0.000637111
1.675e-09 0.791034 0.587056 -0.000583148
1.68e-09 0.790789 0.587389 -0.000485379
1.685e-09 0.790597 0.587652 -0.000352835
1.69e-09 0.790472 0.587827 -0.000197067
1.695e-09 0.790422 0.587903 -3.10299e-05
1.7e-09 0.790448 0.587875 0.000132084
1.705e-09 0.790547 0.587749 0.000279949
1.71e-09 0.790709 0.587537 0.000402053
1.715e-09 0.790917 0.587258 0.000490423
1.72e-09 0.791156 0.586935 0.000540076
1.725e-09 0.791404 0.586594 0.000549204
1.73e-09 0.791644 0.586261 0.000519087
1.735e-09 0.791857 0.58596 0.000453791
1.74e-09 0.79203 0.585713 0.000359682
1.745e-09 0.792152 0.585534 0.000244822
1.75e-09 0.792218 0.585434 0.00011828
1.755e-09 0.792226 0.585417 -1.05828e-05
1.76e-09 0.792179 0.585478 -0.000132801
1.765e-09 0.792084 0.585609 -0.00024043
1.77e-09 0.791951 0.585797 -0.000327054
1.775e-09 0.79179 0.586025 -0.000388169
1.78e-09 0.791615 0.586276 -0.00042137
1.785e-09 0.791437 0.586532 -0.000426364
1.79e-09 0.791267 0.586775 -0.000404782
1.795e-09 0.791115 0.586991 -0.000359844
1.8e-09 0.790988 0.587169 -0.000295898
1.805e-09 0.79089 0.587301 -0.000217951
1.81e-09 0.790826 0.587382 -0.000131223
1.815e-09 0.790797 0.587412 -4.08065e-05
1.82e-09 0.790803 0.587393 4.85584e-05
1.825e-09 0.790841 0.587329 0.000132612
1.83e-09 0.790909 0.587225 0.000207629
1.835e-09 0.791003 0.587088 0.000270432
1.84e-09 0.791119 0.586926 0.000318397
1.845e-09 0.791252 0.586747 0.000349452
1.85e-09 0.791395 0.586558 0.000362106
1.855e-09 0.791541 0.586369 0.000355494
1.86e-09 0.791684 0.586187 0.000329453
1.865e-09 0.791815 0.586021 0.000284618
1.87e-09 0.791926 0.58588 0.000222516
1.875e-09 0.79201 0.585771 0.000145648
1.88e-09 0.792061 0.585702 5.75181e-05
1.885e-09 0.792073 0.585681 -3.73998e-05
1.89e-09 0.792044 0.585711 -0.000133789
1.895e-09 0.791973 0.585795 -0.000225718
1.9e-09 0.791864 0.58593 -0.000306985
1.905e-09 0.791721 0.586113 -0.000371542
1.91e-09 0.791553 0.586334 -0.000413985
1.915e-09 0.791371 0.58658 -0.000430046
1.92e-09 0.791186 0.586835 -0.000417044
1.925e-09 0.791011 0.587081 -0.000374257
1.93e-09 0.79086 0.587299 -0.000303167
1.935e-09 0.790744 0.587471 -0.000207544
1.94e-09 0.790674 0.587582 -9.33436e-05
1.945e-09 0.790655 0.587619 3.16064e-05
1.95e-09 0.790691 0.587576 0.000158127
1.955e-09 0.790782 0.587454 0.000276401
1.96e-09 0.790921 0.587259 0.000376813
1.965e-09 0.791099 0.587006 0.000450835
1.97e-09 0.791305 0.586712 0.000491845
1.975e-09 0.791522 0.5864 0.000495805
1.98e-09 0.791735 0.586096 0.000461703
1.985e-09 0.791926 0.585825 0.000391707
1.99e-09 0.792081 0.585608 0.000291034
1.995e-09 0.792187 0.585464 0.000167512
2e-09 0.792236 0.585404 3.09231e-05
2.005e-09 0.792223 0.585433 -0.000107852
2.01e-09 0.792148 0.585548 -0.000237777
2.015e-09 0.792019 0.585738 -0.000348614
2.02e-09 0.791844 0.585988 -0.000431791
2.025e-09 0.791639 0.586277 -0.000481109
2.03e-09 0.791418 0.58658 -0.000493224
2.035e-09 0.7912 0.586875 -0.000467862
2.04e-09 0.791002 0.587138 -0.000407758
2.045e-09 0.790839 0.587351 -0.00031834
2.05e-09 0.790723 0.587498 -0.000207195
2.055e-09 0.790662 0.58757 -8.33785e-05
2.06e-09 0.790659 0.587566 4.33626e-05
2.065e-09 0.790713 0.587487 0.000163385
2.07e-09 0.790818 0.587343 0.000267898
2.075e-09 0.790963 0.587147 0.000349616
2.08e-09 0.791137 0.586917 0.000403271
2.085e-09 0.791325 0.586669 0.000425945
2.09e-09 0.791512 0.586423 0.000417212
2.095e-09 0.791685 0.586197 0.000379069
2.1e-09 0.79183 0.586005 0.000315662
2.105e-09 0.79194 0.585858 0.000232848
2.11e-09 0.792009 0.585765 0.000137624
2.115e-09 0.792034 0.585727 3.7499e-05
2.12e-09 0.792016 0.585745 -6.01473e-05
2.125e-09 0.791961 0.585813 -0.000148643
2.13e-09 0.791874 0.585923 -0.000222499
2.135e-09 0.791763 0.586067 -0.000277745
2.14e-09 0.791638 0.586232 -0.000312103
2.145e-09 0.791507 0.586409 -0.000324981
2.15e-09 0.791378 0.586585 -0.000317324
2.155e-09 0.791258 0.586752 -0.00029132
2.16e-09 0.791153 0.5869 -0.000250051
2.165e-09 0.791067 0.587023 -0.00019711
2.17e-09 0.791003 0.587117 -0.000136252
2.175e-09 0.790962 0.587178 -7.11132e-05
2.18e-09 0.790946 0.587204 -5.02695e-06
2.185e-09 0.790954 0.587196 5.90692e-05
2.19e-09 0.790986 0.587154 0.000118639
2.195e-09 0.79104 0.58708 0.000171495
2.2e-09 0.791114 0.586978 0.000215726
2.205e-09 0.791205 0.58685 0.000249623
2.21e-09 0.79131 0.586704 0.000271653
2.215e-09 0.791424 0.586544 0.000280477
2.22e-09 0.791542 0.58638 0.00027503
2.225e-09 0.791657 0.586218 0.000254645
2.23e-09 0.791762 0.58607 0.000219216
2.235e-09 0.791852 0.585944 0.000169376
2.24e-09 0.791918 0.585851 0.000106666
2.245e-09 0.791956 0.585799 3.36607e-05
2.25e-09 0.79196 0.585794 -4.59824e-05
2.255e-09 0.791928 0.585841 -0.000127593
2.26e-09 0.791859 0.585938 -0.000205696
2.265e-09 0.791757 0.586083 -0.000274358
2.27e-09 0.791627 0.586267 -0.000327675
2.275e-09 0.791476 0.58648 -0.000360326
2.28e-09 0.791315 0.586705 -0.000368167
2.285e-09 0.791155 0.586927 -0.000348776
2.29e-09 0.791009 0.587128 -0.000301876
2.295e-09 0.790889 0.587291 -0.000229576
2.3e-09 0.790805 0.587402 -0.00013639
2.305e-09 0.790766 0.587449 -2.89822e-05
2.31e-09 0.790776 0.587428 8.43193e-05
2.315e-09 0.790836 0.587339 0.000194231
2.32e-09 0.790942 0.587186 0.000291361
2.325e-09 0.791087 0.586982 0.000367108
2.33e-09 0.79126 0.586742 0.000414528
2.335e-09 0.791447 0.586486 0.000429052
2.34e-09 0.791634 0.586234 0.000408984
2.345e-09 0.791804 0.586007 0.000355714
2.35e-09 0.791944 0.585824 0.000273621
2.355e-09 0.792043 0.585699 0.000169668
2.36e-09 0.792092 0.585641 5.27467e-05
2.365e-09 0.792088 0.585654 -6.71744e-05
2.37e-09 0.792032 0.585736 -0.000179987
2.375e-09 0.79193 0.585878 -0.000276386
2.38e-09 0.791789 0.586068 -0.000348707
2.385e-09 0.791623 0.586289 -0.000391588
2.39e-09 0.791445 0.586523 -0.000402392
2.395e-09 0.79127 0.586751 -0.000381347
2.4e-09 0.791112 0.586956 -0.00033141
2.405e-09 0.790982 0.587122 -0.000257871
2.41e-09 0.79089 0.58724 -0.00016776
2.415e-09 0.790842 0.587303 -6.91113e-05
2.42e-09 0.790839 0.587309 2.9812e-05
2.425e-09 0.790879 0.587262 0.000121265
2.43e-09 0.790957 0.587166 0.000198664
2.435e-09 0.791063 0.587034 0.000257067
2.44e-09 0.79119 0.586875 0.000293469
2.445e-09 0.791324 0.586703 0.000306885
2.45e-09 0.791457 0.58653 0.000298242
2.455e-09 0.791579 0.586368 0.000270103
2.46e-09 0.791681 0.586225 0.000226255
2.465e-09 0.79176 0.58611 0.00017124
2.47e-09 0.791811 0.586028 0.000109857
2.475e-09 0.791835 0.585981 4.6713e-05
2.48e-09 0.791833 0.585969 -1.41427e-05
2.485e-09 0.791808 0.58599 -6.94647e-05
2.49e-09 0.791764 0.586041 -0.000116922
2.495e-09 0.791704 0.586119 -0.000155083
2.5e-09 0.791634 0.586216 -0.000183288
2.505e-09 0.791558 0.586329 -0.000201456
2.51e-09 0.791477 0.586451 -0.000209869
2.515e-09 0.791397 0.586576 -0.000208963
2.52e-09 0.791318 0.586698 -0.00019919
2.525e-09 0.791244 0.586812 -0.000180951
2.53e-09 0.791176 0.586913 -0.000154609
2.535e-09 0.791119 0.586995 -0.000120591
2.54e-09 0.791075 0.587054 -7.95363e-05
2.545e-09 0.791046 0.587087 -3.24634e-05
2.55e-09 0.791036 0.587089 1.90768e-05
2.555e-09 0.791048 0.587061 7.29083e-05
2.56e-09 0.791083 0.587 0.000126225
2.565e-09 0.79114 0.58691 0.000175692
2.57e-09 0.791219 0.586794 0.000217652
2.575e-09 0.791317 0.586656 0.000248425
2.58e-09 0.791428 0.586506 0.000264666
2.585e-09 0.791544 0.586351 0.000263745
2.59e-09 0.791659 0.586203 0.000244107
2.595e-09 0.791762 0.586072 0.000205576
2.6e-09 0.791846 0.585968 0.000149549
2.605e-09 0.791902 0.585902 7.90581e-05
2.61e-09 0.791924 0.585879 -1.32304e-06
2.615e-09 0.791909 0.585904 -8.57535e-05
2.62e-09 0.791855 0.585978 -0.000167556
2.625e-09 0.791766 0.586096 -0.000239784
2.63e-09 0.791648 0.586252 -0.000295875
2.635e-09 0.791508 0.586434 -0.000330321
2.64e-09 0.791359 0.58663 -0.000339273
2.645e-09 0.791211 0.586824 -0.000321023
2.65e-09 0.791077 0.587 -0.000276267
2.655e-09 0.790969 0.587145 -0.00020815
2.66e-09 0.790895 0.587244 -0.000122031
2.665e-09 0.790863 0.58729 -2.50337e-05
2.67e-09 0.790874 0.587279 7.46129e-05
2.675e-09 0.790929 0.58721 0.000168351
2.68e-09 0.791022 0.587089 0.000248117
2.685e-09 0.791146 0.586926 0.000307118
2.69e-09 0.79129 0.586734 0.000340483
2.695e-09 0.791442 0.58653 0.000345714
2.7e-09 0.791589 0.58633 0.00032289
2.705e-09 0.791721 0.58615 0.000274608
2.71e-09 0.791826 0.586005 0.000205665
2.715e-09 0.791897 0.585904 0.000122528
2.72e-09 0.79193 0.585856 3.26535e-05
2.725e-09 0.791923 0.585862 -5.62581e-05
2.73e-09 0.791878 0.585919 -0.000136991
2.735e-09 0.791801 0.586021 -0.00020345
2.74e-09 0.791699 0.586158 -0.000251138
2.745e-09 0.79158 0.586317 -0.000277449
2.75e-09 0.791455 0.586486 -0.000281751
2.755e-09 0.791334 0.586652 -0.000265275
2.76e-09 0.791225 0.586802 -0.000230841
2.765e-09 0.791135 0.586927 -0.000182455
2.77e-09 0.791071 0.587019 -0.000124835
2.775e-09 0.791034 0.587074 -6.29188e-05
2.78e-09 0.791025 0.587091 -1.41831e-06
2.785e-09 0.791042 0.587072 5.55556e-05
2.79e-09 0.791083 0.587021 0.000104749
2.795e-09 0.791142 0.586942 0.000143897
2.8e-09 0.791215 0.586845 0.000171739
2.805e-09 0.791295 0.586734 0.000187929
2.81e-09 0.791377 0.586619 0.000192869
2.815e-09 0.791456 0.586504 0.000187507
2.82e-09 0.791529 0.586398 0.000173121
2.825e-09 0.791593 0.586304 0.000151137
2.83e-09 0.791645 0.586226 0.000122983
2.835e-09 0.791684 0.586168 9.00165e-05
2.84e-09 0.79171 0.586131 5.35086e-05
2.845e-09 0.79172 0.586117 1.4689e-05
2.85e-09 0.791717 0.586125 -2.51738e-05
2.855e-09 0.791699 0.586156 -6.46803e-05
2.86e-09 0.791666 0.586207 -0.00010223
2.865e-09 0.79162 0.586278 -0.000135998
2.87e-09 0.791563 0.586364 -0.000163984
2.875e-09 0.791494 0.586463 -0.000184137
2.88e-09 0.791419 0.586569 -0.000194536
2.885e-09 0.79134 0.586676 -0.000193621
2.89e-09 0.791262 0.58678 -0.000180421
2.895e-09 0.79119 0.586873 -0.000154761
2.9e-09 0.791129 0.58695 -0.000117399
2.905e-09 0.791084 0.587003 -7.0089e-05
2.91e-09 0.791059 0.587029 -1.55352e-05
2.915e-09 0.791059 0.587025 4.27446e-05
2.92e-09 0.791083 0.586988 0.000100654
2.925e-09 0.791133 0.58692 0.000153827
2.93e-09 0.791206 0.586823 0.000197985
2.935e-09 0.791297 0.586704 0.00022931
2.94e-09 0.7914 0.586569 0.000244803
2.945e-09 0.791509 0.586428 0.000242586
2.95e-09 0.791614 0.586292 0.000222126
2.955e-09 0.791707 0.58617 0.000184346
2.96e-09 0.791781 0.586072 0.00013162
2.965e-09 0.791829 0.586006 6.76346e-05
2.97e-09 0.791847 0.585979 -2.86843e-06
2.975e-09 0.791832 0.585995 -7.44537e-05
2.98e-09 0.791785 0.586052 -0.000141433
2.985e-09 0.79171 0.586147 -0.00019835
2.99e-09 0.791612 0.586275 -0.000240463
2.995e-09 0.791498 0.586425 -0.000264185
3e-09 0.791379 0.586586 -0.00026743
3.005e-09 0.791262 0.586745 -0.00024983
3.01e-09 0.791159 0.586889 -0.000212792
3.015e-09 0.791076 0.587008 -0.000159377
3.02e-09 0.79102 0.58709 -9.40237e-05
3.025e-09 0.790996 0.587131 -2.21414e-05
3.03e-09 0.791004 0.587126 5.03915e-05
3.035e-09 0.791044 0.587077 0.000117756
3.04e-09 0.791111 0.586987 0.000174704
3.045e-09 0.791199 0.586866 0.000216994
3.05e-09 0.791302 0.586722 0.000241728
3.055e-09 0.79141 0.586568 0.000247539
3.06e-09 0.791517 0.586417 0.000234651
3.065e-09 0.791612 0.58628 0.000204779
3.07e-09 0.791691 0.586167 0.000160916
3.075e-09 0.791748 0.586086 0.000107009
3.08e-09 0.791779 0.586042 4.7583e-05
3.085e-09 0.791783 0.586037 -1.26732e-05
3.09e-09 0.791762 0.586068 -6.92959e-05
3.095e-09 0.791719 0.586133 -0.000118391
3.1e-09 0.791656 0.586223 -0.0001569
3.105e-09 0.79158 0.586332 -0.00018277
3.11e-09 0.791497 0.58645 -0.000195027
3.115e-09 0.791412 0.586569 -0.000193748
3.12e-09 0.791332 0.586679 -0.000179952
3.125e-09 0.791261 0.586775 -0.000155425
3.13e-09 0.791203 0.586851 -0.000122505
3.135e-09 0.791162 0.586904 -8.38445e-05
3.14e-09 0.791138 0.586932 -4.21874e-05
3.145e-09 0.791133 0.586935 -1.69073e-07
3.15e-09 0.791145 0.586916 3.98381e-05
3.155e-09 0.791173 0.586877 7.58264e-05
3.16e-09 0.791214 0.586821 0.000106201
3.165e-09 0.791265 0.586752 0.000129783
3.17e-09 0.791324 0.586675 0.000145779
3.175e-09 0.791386 0.586593 0.000153733
3.18e-09 0.791449 0.58651 0.000153491
3.185e-09 0.791509 0.586431 0.000145163
3.19e-09 0.791563 0.586358 0.000129125
3.195e-09 0.79161 0.586295 0.000106026
3.2e-09 0.791646 0.586245 7.68176e-05
3.205e-09 0.79167 0.58621 4.27743e-05
3.21e-09 0.79168 0.586194 5.50413e-06
3.215e-09 0.791675 0.586197 -3.30752e-05
3.22e-09 0.791656 0.586221 -7.0799e-05
3.225e-09 0.791622 0.586266 -0.000105362
3.23e-09 0.791575 0.586329 -0.000134465
3.235e-09 0.791518 0.586408 -0.000155983
3.24e-09 0.791452 0.586499 -0.000168153
3.245e-09 0.791383 0.586596 -0.000169735
3.25e-09 0.791313 0.586693 -0.000160157
3.255e-09 0.791247 0.586785 -0.0001396
3.26e-09 0.791191 0.586863 -0.00010903
3.265e-09 0.791148 0.586922 -7.01648e-05
3.27e-09 0.791123 0.586958 -2.53887e-05
3.275e-09 0.791117 0.586965 2.23937e-05
3.28e-09 0.791132 0.586944 6.99398e-05
3.285e-09 0.791168 0.586893 0.000113885
3.29e-09 0.791223 0.586816 0.000150974
3.295e-09 0.791295 0.586718 0.000178308
3.3e-09 0.791377 0.586605 0.000193571
3.305e-09 0.791465 0.586485 0.000195238
3.31e-09 0.791551 0.586367 0.000182744
3.315e-09 0.791629 0.58626 0.000156579
3.32e-09 0.791693 0.586173 0.000118314
3.325e-09 0.791737 0.586112 7.05291e-05
3.33e-09 0.791758 0.586083 1.66562e-05
3.335e-09 0.791754 0.586089 -3.92744e-05
3.34e-09 0.791724 0.58613 -9.29495e-05
3.345e-09 0.791671 0.586203 -0.000140132
3.35e-09 0.791598 0.586302 -0.000177027
3.355e-09 0.791513 0.58642 -0.000200623
3.36e-09 0.79142 0.586548 -0.000208961
3.365e-09 0.791328 0.586675 -0.000201324
3.37e-09 0.791243 0.586792 -0.000178307
3.375e-09 0.791173 0.586889 -0.000141767
3.38e-09 0.791122 0.586958 -9.46676e-05
3.385e-09 0.791095 0.586996 -4.08171e-05
3.39e-09 0.791092 0.586999 1.54642e-05
3.395e-09 0.791114 0.586967 6.97145e-05
3.4e-09 0.791158 0.586905 0.000117709
3.405e-09 0.79122 0.586817 0.000155809
3.41e-09 0.791296 0.586712 0.000181261
3.415e-09 0.791379 0.586598 0.0001924
3.42e-09 0.791462 0.586484 0.000188774
3.425e-09 0.791539 0.586378 0.000171141
3.43e-09 0.791606 0.586289 0.000141372
3.435e-09 0.791656 0.586223 0.00010225
3.44e-09 0.791688 0.586182 5.71938e-05
3.445e-09 0.791699 0.586169 9.93527e-06
3.45e-09 0.791691 0.586183 -3.58234e-05
3.455e-09 0.791664 0.586221 -7.67294e-05
3.46e-09 0.791622 0.58628 -0.000110048
3.465e-09 0.791568 0.586352 -0.000133855
3.47e-09 0.791507 0.586433 -0.00014713
3.475e-09 0.791443 0.586517 -0.00014976
3.48e-09 0.791381 0.586598 -0.000142449
3.485e-09 0.791325 0.586671 -0.000126553
3.49e-09 0.791278 0.586732 -0.000103885
3.495e-09 0.791242 0.58678 -7.64909e-05
3.5e-09 0.791218 0.586813 -4.6447e-05
3.505e-09 0.791207 0.58683 -1.5691e-05
3.51e-09 0.791208 0.586831 1.40949e-05
3.515e-09 0.791222 0.586817 4.1543e-05
3.52e-09 0.791245 0.586789 6.56039e-05
3.525e-09 0.791277 0.58675 8.55091e-05
3.53e-09 0.791316 0.586701 0.00010071
3.535e-09 0.791359 0.586644 0.000110812
3.54e-09 0.791405 0.586581 0.00011553
3.545e-09 0.791452 0.586515 0.000114666
3.55e-09 0.791497 0.586449 0.000108119
3.555e-09 0.791538 0.586387 9.5931e-05
3.56e-09 0.791574 0.586333 7.83394e-05
3.565e-09 0.791602 0.586289 5.58459e-05
3.57e-09 0.791621 0.586259 2.92669e-05
3.575e-09 0.79163 0.586246 -2.39141e-07
3.58e-09 0.791626 0.586252 -3.11792e-05
3.585e-09 0.791609 0.586277 -6.17759e-05
3.59e-09 0.79158 0.586321 -9.00589e-05
3.595e-09 0.79154 0.586382 -0.000113992
3.6e-09 0.791489 0.586456 -0.000131631
3.605e-09 0.791432 0.58654 -0.000141289
3.61e-09 0.79137 0.586628 -0.000141712
3.615e-09 0.79131 0.586712 -0.000132232
3.62e-09 0.791254 0.586788 -0.000112885
3.625e-09 0.791208 0.586849 -8.44874e-05
3.63e-09 0.791175 0.586889 -4.86409e-05
3.635e-09 0.79116 0.586906 -7.6709e-06
3.64e-09 0.791163 0.586896 3.55107e-05
3.645e-09 0.791185 0.58686 7.76136e-05
3.65e-09 0.791227 0.5868 0.000115233
3.655e-09 0.791284 0.58672 0.000145148
3.66e-09 0.791353 0.586626 0.000164633
3.665e-09 0.791429 0.586524 0.000171735
3.67e-09 0.791505 0.586423 0.000165498
3.675e-09 0.791576 0.58633 0.000146096
3.68e-09 0.791636 0.586254 0.00011486
3.685e-09 0.791679 0.5862 7.41857e-05
3.69e-09 0.791702 0.586172 2.73313e-05
3.695e-09 0.791703 0.586173 -2.18702e-05
3.7e-09 0.791681 0.586202 -6.93596e-05
3.705e-09 0.79164 0.586258 -0.00011122
3.71e-09 0.791581 0.586335 -0.000144032
3.715e-09 0.791511 0.586427 -0.000165171
3.72e-09 0.791434 0.586527 -0.000173038
3.725e-09 0.791358 0.586627 -0.000167182
3.73e-09 0.791288 0.586719 -0.000148321
3.735e-09 0.79123 0.586796 -0.00011826
3.74e-09 0.791188 0.586853 -7.97092e-05
3.745e-09 0.791165 0.586885 -3.60226e-05
3.75e-09 0.791163 0.586891 9.10949e-06
3.755e-09 0.791179 0.586872 5.19984e-05
3.76e-09 0.791213 0.586829 8.92832e-05
3.765e-09 0.791261 0.586768 0.000118219
3.77e-09 0.791318 0.586693 0.000136894
3.775e-09 0.79138 0.586611 0.000144369
3.78e-09 0.791442 0.586528 0.000140702
3.785e-09 0.791498 0.58645 0.00012689
3.79e-09 0.791546 0.586382 0.000104712
3.795e-09 0.791583 0.58633 7.65054e-05
3.8e-09 0.791606 0.586295 4.49037e-05
3.805e-09 0.791616 0.586279 1.25612e-05
3.81e-09 0.791612 0.586281 -1.80994e-05
3.815e-09 0.791597 0.586299 -4.50886e-05
3.82e-09 0.791572 0.586332 -6.69801e-05
3.825e-09 0.791539 0.586376 -8.29589e-05
3.83e-09 0.791502 0.586427 -9.27897e-05
3.835e-09 0.791463 0.586483 -9.67198e-05
3.84e-09 0.791423 0.586539 -9.5339e-05
3.845e-09 0.791385 0.586593 -8.94247e-05
3.85e-09 0.791351 0.586642 -7.98005e-05
3.855e-09 0.791321 0.586685 -6.72284e-05
3.86e-09 0.791297 0.58672 -5.235e-05
3.865e-09 0.791279 0.586746 -3.56805e-05
3.87e-09 0.791268 0.586762 -1.76464e-05
3.875e-09 0.791264 0.586767 1.34361e-06
3.88e-09 0.791269 0.586761 2.08177e-05
3.885e-09 0.791281 0.586743 4.01674e-05
3.89e-09 0.7913 0.586714 5.86025e-05
3.895e-09 0.791327 0.586675 7.51452e-05
3.9e-09 0.791361 0.586627 8.86725e-05
3.905e-09 0.791399 0.586572 9.8003e-05
3.91e-09 0.791441 0.586513 0.00010202
3.915e-09 0.791483 0.586453 9.98178e-05
3.92e-09 0.791524 0.586397 9.0845e-05
3.925e-09 0.79156 0.586348 7.50339e-05
3.93e-09 0.791589 0.58631 5.28872e-05
3.935e-09 0.791607 0.586287 2.5511e-05
3.94e-09 0.791614 0.586281 -5.41506e-06
3.945e-09 0.791607 0.586294 -3.77345e-05
3.95e-09 0.791586 0.586325 -6.89711e-05
3.955e-09 0.791552 0.586374 -9.65341e-05
3.96e-09 0.791507 0.586437 -0.000117955
3.965e-09 0.791454 0.58651 -0.000131131
3.97e-09 0.791396 0.586588 -0.000134552
3.975e-09 0.791338 0.586665 -0.000127489
3.98e-09 0.791284 0.586735 -0.000110102
3.985e-09 0.79124 0.586792 -8.34845e-05
3.99e-09 0.791208 0.586831 -4.95941e-05
3.995e-09 0.791193 0.58685 -1.1104e-05
4e-09 0.791195 0.586845 2.88318e-05
4.005e-09 0.791215 0.586817 6.68671e-05
4.01e-09 0.791251 0.586769 9.97793e-05
4.015e-09 0.791301 0.586703 0.000124776
4.02e-09 0.79136 0.586626 0.000139758
4.025e-09 0.791424 0.586543 0.000143517
4.03e-09 0.791487 0.58646 0.000135834
4.035e-09 0.791545 0.586385 0.000117487
4.04e-09 0.791592 0.586323 9.01606e-05
4.045e-09 0.791625 0.586278 5.62661e-05
4.05e-09 0.791641 0.586255 1.87082e-05
4.055e-09 0.79164 0.586254 -1.93898e-05
4.06e-09 0.791622 0.586275 -5.49663e-05
4.065e-09 0.791589 0.586315 -8.52813e-05
4.07e-09 0.791544 0.586372 -0.000108135
4.075e-09 0.791492 0.586441 -0.000122029
4.08e-09 0.791435 0.586516 -0.000126253
4.085e-09 0.79138 0.58659 -0.000120906
4.09e-09 0.79133 0.586659 -0.000106845
4.095e-09 0.791289 0.586718 -8.55745e-05
4.1e-09 0.79126 0.586763 -5.90856e-05
4.105e-09 0.791243 0.58679 -2.96632e-05
4.11e-09 0.791239 0.586799 3.21918e-07
4.115e-09 0.791248 0.58679 2.8618e-05
4.12e-09 0.791269 0.586764 5.32739e-05
4.125e-09 0.791298 0.586725 7.27816e-05
4.13e-09 0.791333 0.586675 8.61653e-05
4.135e-09 0.791372 0.58662 9.30117e-05
4.14e-09 0.791412 0.586563 9.34407e-05
4.145e-09 0.79145 0.586507 8.80266e-05
4.15e-09 0.791483 0.586457 7.76824e-05
4.155e-09 0.791511 0.586416 6.35279e-05
4.16e-09 0.791533 0.586384 4.67582e-05
4.165e-09 0.791547 0.586364 2.85326e-05
4.17e-09 0.791554 0.586356 9.89363e-06
4.175e-09 0.791553 0.586358 -8.27589e-06
4.18e-09 0.791546 0.586371 -2.52601e-05
4.185e-09 0.791532 0.586393 -4.04886e-05
4.19e-09 0.791513 0.586422 -5.34978e-05
4.195e-09 0.791489 0.586457 -6.38888e-05
4.2e-09 0.791462 0.586497 -7.12956e-05
4.205e-09 0.791432 0.586538 -7.53719e-05
4.21e-09 0.791401 0.58658 -7.58031e-05
4.215e-09 0.79137 0.586621 -7.23408e-05
4.22e-09 0.791342 0.586658 -6.48565e-05
4.225e-09 0.791316 0.58669 -5.34028e-05
4.23e-09 0.791297 0.586715 -3.82708e-05
4.235e-09 0.791283 0.586731 -2.00314e-05
4.24e-09 0.791278 0.586737 4.49613e-07
4.245e-09 0.791282 0.586731 2.20294e-05
4.25e-09 0.791294 0.586714 4.33417e-05
4.255e-09 0.791316 0.586686 6.28829e-05
4.26e-09 0.791345 0.586647 7.91268e-05
4.265e-09 0.791381 0.5866 9.0655e-05
4.27e-09 0.79142 0.586547 9.62948e-05
4.275e-09 0.791462 0.586492 9.52474e-05
4.28e-09 0.791501 0.586439 8.71949e-05
4.285e-09 0.791537 0.586391 7.23704e-05
4.29e-09 0.791565 0.586353 5.15829e-05
4.295e-09 0.791583 0.586328 2.61879e-05
4.3e-09 0.79159 0.586317 -1.99688e-06
4.305e-09 0.791584 0.586324 -3.08273e-05
4.31e-09 0.791566 0.586347 -5.80086e-05
4.315e-09 0.791537 0.586386 -8.12975e-05
4.32e-09 0.791498 0.586439 -9.87084e-05
4.325e-09 0.791453 0.5865 -0.000108705
4.33e-09 0.791405 0.586566 -0.000110355
4.335e-09 0.791357 0.586631 -0.000103425
4.34e-09 0.791314 0.58669 -8.84185e-05
4.345e-09 0.791279 0.586739 -6.65305e-05
4.35e-09 0.791254 0.586773 -3.95429e-05
4.355e-09 0.791242 0.58679 -9.65902e-06
4.36e-09 0.791244 0.586789 2.06983e-05
4.365e-09 0.791259 0.586769 4.91056e-05
4.37e-09 0.791286 0.586732 7.33507e-05
4.375e-09 0.791323 0.586682 9.16174e-05
4.38e-09 0.791367 0.586622 0.000102625
4.385e-09 0.791414 0.586557 0.000105714
4.39e-09 0.791461 0.586493 0.000100871
4.395e-09 0.791503 0.586434 8.87047e-05
4.4e-09 0.791539 0.586385 7.03599e-05
4.405e-09 0.791565 0.586349 4.74077e-05
4.41e-09 0.79158 0.586328 2.17015e-05
4.415e-09 0.791582 0.586324 -4.77682e-06
4.42e-09 0.791573 0.586337 -3.00713e-05
4.425e-09 0.791553 0.586364 -5.23963e-05
4.43e-09 0.791524 0.586403 -7.02609e-05
4.435e-09 0.791489 0.586451 -8.25654e-05
4.44e-09 0.79145 0.586505 -8.8665e-05
4.445e-09 0.791411 0.586559 -8.83964e-05
4.45e-09 0.791374 0.58661 -8.20656e-05
4.455e-09 0.791342 0.586655 -7.04011e-05
4.46e-09 0.791316 0.586691 -5.44743e-05
4.465e-09 0.791299 0.586715 -3.55974e-05
4.47e-09 0.79129 0.586728 -1.52073e-05
4.475e-09 0.79129 0.586727 5.2523e-06
4.48e-09 0.791299 0.586715 2.44393e-05
4.485e-09 0.791314 0.586693 4.1202e-05
4.49e-09 0.791336 0.586663 5.4642e-05
4.495e-09 0.791361 0.586627 6.41467e-05
4.5e-09 0.791389 0.586588 6.93955e-05
4.505e-09 0.791418 0.586548 7.03409e-05
4.51e-09 0.791445 0.58651 6.71746e-05
4.515e-09 0.791471 0.586475 6.02847e-05
4.52e-09 0.791493 0.586446 5.02114e-05
4.525e-09 0.79151 0.586423 3.76055e-05
4.53e-09 0.791522 0.586408 2.31933e-05
4.535e-09 0.791528 0.5864 7.74632e-06
4.54e-09 0.791529 0.586401 -7.94383e-06
4.545e-09 0.791523 0.586409 -2.30894e-05
4.55e-09 0.791511 0.586425 -3.69299e-05
4.555e-09 0.791495 0.586448 -4.87563e-05
4.56e-09 0.791473 0.586476 -5.79372e-05
4.565e-09 0.791448 0.586509 -6.39456e-05
4.57e-09 0.791421 0.586544 -6.63855e-05
4.575e-09 0.791394 0.586581 -6.50181e-05
4.58e-09 0.791367 0.586617 -5.97856e-05
4.585e-09 0.791343 0.586649 -5.08304e-05
4.59e-09 0.791323 0.586677 -3.8509e-05
4.595e-09 0.791308 0.586697 -2.3396e-05
4.6e-09 0.791301 0.586709 -6.27646e-06
4.605e-09 0.791301 0.58671 1.18771e-05
4.61e-09 0.791309 0.586701 2.99452e-05
4.615e-09 0.791325 0.586681 4.67204e-05
4.62e-09 0.791347 0.586651 6.09847e-05
4.625e-09 0.791376 0.586612 7.16e-05
4.63e-09 0.791408 0.586568 7.76072e-05
4.635e-09 0.791442 0.58652 7.8323e-05
4.64e-09 0.791475 0.586473 7.3425e-05
4.645e-09 0.791506 0.586429 6.30131e-05
4.65e-09 0.791531 0.586393 4.76364e-05
4.655e-09 0.791548 0.586368 2.82797e-05
4.66e-09 0.791556 0.586356 6.30481e-06
4.665e-09 0.791555 0.586358 -1.66486e-05
4.67e-09 0.791543 0.586375 -3.87968e-05
4.675e-09 0.791523 0.586405 -5.8366e-05
4.68e-09 0.791494 0.586446 -7.37515e-05
4.685e-09 0.791459 0.586495 -8.36657e-05
4.69e-09 0.791422 0.586549 -8.72573e-05
4.695e-09 0.791383 0.586602 -8.41919e-05
4.7e-09 0.791348 0.586651 -7.46841e-05
4.705e-09 0.791318 0.586692 -5.94789e-05
4.71e-09 0.791295 0.586722 -3.97864e-05
4.715e-09 0.791282 0.586738 -1.71756e-05
4.72e-09 0.79128 0.586739 6.56188e-06
4.725e-09 0.791288 0.586726 2.95634e-05
4.73e-09 0.791306 0.5867 5.00505e-05
4.735e-09 0.791332 0.586663 6.64732e-05
4.74e-09 0.791365 0.586618 7.76318e-05
4.745e-09 0.791401 0.586569 8.27663e-05
4.75e-09 0.791438 0.586519 8.16089e-05
4.755e-09 0.791473 0.586473 7.43937e-05
4.76e-09 0.791503 0.586434 6.18261e-05
4.765e-09 0.791526 0.586404 4.50138e-05
4.77e-09 0.791541 0.586386 2.53659e-05
4.775e-09 0.791546 0.586379 4.46895e-06
4.78e-09 0.791542 0.586385 -1.60498e-05
4.785e-09 0.791529 0.586402 -3.46581e-05
4.79e-09 0.791509 0.586429 -5.0043e-05
4.795e-09 0.791483 0.586462 -6.12099e-05
4.8e-09 0.791455 0.5865 -6.75486e-05
4.805e-09 0.791425 0.586539 -6.8861e-05
4.81e-09 0.791396 0.586577 -6.53481e-05
4.815e-09 0.79137 0.586611 -5.75622e-05
4.82e-09 0.791349 0.586639 -4.6331e-05
4.825e-09 0.791334 0.586661 -3.26636e-05
4.83e-09 0.791325 0.586674 -1.76512e-05
4.835e-09 0.791323 0.586679 -2.37323e-06
4.84e-09 0.791326 0.586676 1.21827e-05
4.845e-09 0.791335 0.586665 2.51804e-05
4.85e-09 0.791348 0.586648 3.59728e-05
4.855e-09 0.791365 0.586626 4.4116e-05
4.86e-09 0.791384 0.5866 4.93652e-05
4.865e-09 0.791405 0.586572 5.16556e-05
4.87e-09 0.791425 0.586543 5.10742e-05
4.875e-09 0.791445 0.586515 4.78271e-05
4.88e-09 0.791463 0.586489 4.22086e-05
4.885e-09 0.791478 0.586467 3.45744e-05
4.89e-09 0.791491 0.586449 2.53212e-05
4.895e-09 0.791499 0.586436 1.4874e-05
4.9e-09 0.791504 0.586429 3.68012e-06
4.905e-09 0.791504 0.586429 -7.79206e-06
4.91e-09 0.7915 0.586435 -1.90521e-05
4.915e-09 0.791491 0.586448 -2.95874e-05
4.92e-09 0.791477 0.586468 -3.88679e-05
4.925e-09 0.79146 0.586492 -4.63577e-05
4.93e-09 0.79144 0.586521 -5.1538e-05
4.935e-09 0.791417 0.586553 -5.39399e-05
4.94e-09 0.791394 0.586586 -5.31889e-05
4.945e-09 0.791371 0.586617 -4.90549e-05
4.95e-09 0.791351 0.586645 -4.15045e-05
4.955e-09 0.791334 0.586668 -3.07453e-05
4.96e-09 0.791322 0.586683 -1.72547e-05
4.965e-09 0.791317 0.586689 -1.78404e-06
4.97e-09 0.791319 0.586685 1.46678e-05
4.975e-09 0.791329 0.586672 3.09139e-05
4.98e-09 0.791345 0.586648 4.56692e-05
4.985e-09 0.791368 0.586617 5.76636e-05
4.99e-09 0.791395 0.586579 6.57666e-05
4.995e-09 0.791425 0.586538 6.91092e-05
5e-09 0.791455 0.586497 6.71882e-05
5.005e-09 0.791483 0.586459 5.99389e-05
5.01e-09 0.791507 0.586426 4.77659e-05
5.015e-09 0.791525 0.586403 3.1527e-05
5.02e-09 0.791535 0.58639 1.24693e-05
5.025e-09 0.791536 0.58639 -7.87625e-06
5.03e-09 0.791529 0.586401 -2.78318e-05
5.035e-09 0.791512 0.586424 -4.57266e-05
5.04e-09 0.791489 0.586456 -6.00521e-05
5.045e-09 0.79146 0.586496 -6.96029e-05
5.05e-09 0.791428 0.586538 -7.35874e-05
5.055e-09 0.791396 0.586582 -7.16998e-05
5.06e-09 0.791366 0.586621 -6.41445e-05
5.065e-09 0.79134 0.586655 -5.16126e-05
5.07e-09 0.791321 0.58668 -3.52128e-05
5.075e-09 0.79131 0.586694 -1.63649e-05
5.08e-09 0.791307 0.586697 3.33379e-06
5.085e-09 0.791314 0.586689 2.22558e-05
5.09e-09 0.791328 0.58667 3.88897e-05
5.095e-09 0.791348 0.586643 5.19719e-05
5.1e-09 0.791374 0.58661 6.05898e-05
5.105e-09 0.791402 0.586573 6.42492e-05
5.11e-09 0.79143 0.586536 6.28979e-05
5.115e-09 0.791456 0.586501 5.69065e-05
5.12e-09 0.791479 0.586471 4.70092e-05
5.125e-09 0.791496 0.586448 3.42135e-05
5.13e-09 0.791507 0.586432 1.96895e-05
5.135e-09 0.791511 0.586426 4.65236e-06
5.14e-09 0.791509 0.586427 -9.74973e-06
5.145e-09 0.791501 0.586437 -2.25292e-05
5.15e-09 0.791488 0.586453 -3.2927e-05
5.155e-09 0.791471 0.586474 -4.04497e-05
5.16e-09 0.791452 0.586499 -4.4875e-05
5.165e-09 0.791432 0.586525 -4.62292e-05
5.17e-09 0.791413 0.586552 -4.47437e-05
5.175e-09 0.791395 0.586577 -4.07995e-05
5.18e-09 0.79138 0.586599 -3.48669e-05
5.185e-09 0.791368 0.586618 -2.74519e-05
5.19e-09 0.79136 0.586632 -1.90519e-05
5.195e-09 0.791354 0.586641 -1.01275e-05
5.2e-09 0.791353 0.586644 -1.08804e-06
5.205e-09 0.791355 0.586642 7.70887e-06
5.21e-09 0.79136 0.586635 1.59492e-05
5.215e-09 0.791368 0.586623 2.33499e-05
5.22e-09 0.791378 0.586607 2.96469e-05
5.225e-09 0.791391 0.586588 3.45874e-05
5.23e-09 0.791405 0.586567 3.79296e-05
5.235e-09 0.79142 0.586544 3.94508e-05
5.24e-09 0.791436 0.586521 3.89647e-05
5.245e-09 0.791452 0.586499 3.63444e-05
5.25e-09 0.791466 0.586479 3.1551e-05
5.255e-09 0.791479 0.586463 2.46613e-05
5.26e-09 0.791488 0.586451 1.5892e-05
5.265e-09 0.791494 0.586445 5.6149e-06
5.27e-09 0.791495 0.586445 -5.64094e-06
5.275e-09 0.791492 0.586452 -1.72039e-05
5.28e-09 0.791483 0.586465 -2.82929e-05
5.285e-09 0.791469 0.586485 -3.8069e-05
5.29e-09 0.791451 0.586509 -4.57024e-05
5.295e-09 0.79143 0.586537 -5.04498e-05
5.3e-09 0.791408 0.586566 -5.17347e-05
5.305e-09 0.791385 0.586596 -4.92205e-05
5.31e-09 0.791365 0.586623 -4.28681e-05
5.315e-09 0.791347 0.586645 -3.29675e-05
5.32e-09 0.791335 0.586661 -2.01384e-05
5.325e-09 0.791329 0.586668 -5.2955e-06
5.33e-09 0.791329 0.586667 1.04194e-05
5.335e-09 0.791337 0.586657 2.57341e-05
5.34e-09 0.791351 0.586639 3.93612e-05
5.345e-09 0.791371 0.586613 5.012e-05
5.35e-09 0.791395 0.586582 5.70516e-05
5.355e-09 0.791421 0.586547 5.95148e-05
5.36e-09 0.791447 0.586513 5.72521e-05
5.365e-09 0.791471 0.586481 5.0418e-05
5.37e-09 0.791491 0.586454 3.95674e-05
5.375e-09 0.791505 0.586434 2.56057e-05
5.38e-09 0.791513 0.586422 9.70428e-06
5.385e-09 0.791513 0.586421 -6.80687e-06
5.39e-09 0.791507 0.586429 -2.25616e-05
5.395e-09 0.791493 0.586446 -3.6281e-05
5.4e-09 0.791475 0.586471 -4.68858e-05
5.405e-09 0.791452 0.586501 -5.35888e-05
5.41e-09 0.791428 0.586534 -5.59563e-05
5.415e-09 0.791404 0.586567 -5.39362e-05
5.42e-09 0.791382 0.586598 -4.78481e-05
5.425e-09 0.791363 0.586624 -3.83401e-05
5.43e-09 0.791349 0.586644 -2.63158e-05
5.435e-09 0.791341 0.586656 -1.28416e-05
5.44e-09 0.791338 0.586659 9.57611e-07
5.445e-09 0.791342 0.586655 1.40012e-05
5.45e-09 0.791351 0.586643 2.53445e-05
5.455e-09 0.791365 0.586624 3.42509e-05
5.46e-09 0.791382 0.586601 4.02378e-05
5.465e-09 0.791401 0.586576 4.30934e-05
5.47e-09 0.791419 0.586549 4.28665e-05
5.475e-09 0.791437 0.586524 3.98313e-05
5.48e-09 0.791453 0.586502 3.44361e-05
5.485e-09 0.791466 0.586484 2.72421e-05
5.49e-09 0.791476 0.586471 1.88618e-05
5.495e-09 0.791481 0.586463 9.9033e-06
5.5e-09 0.791482 0.58646 9.26857e-07
5.505e-09 0.79148 0.586463 -7.58409e-06
5.51e-09 0.791474 0.586471 -1.52369e-05
5.515e-09 0.791466 0.586483 -2.17308e-05
5.52e-09 0.791455 0.586498 -2.68486e-05
5.525e-09 0.791443 0.586515 -3.0444e-05
5.53e-09 0.79143 0.586534 -3.24279e-05
5.535e-09 0.791417 0.586553 -3.27586e-05
5.54e-09 0.791404 0.586571 -3.1437e-05
5.545e-09 0.791392 0.586588 -2.8508e-05
5.55e-09 0.791382 0.586602 -2.40672e-05
5.555e-09 0.791373 0.586613 -1.82699e-05
5.56e-09 0.791367 0.586621 -1.13405e-05
5.565e-09 0.791364 0.586625 -3.5778e-06
5.57e-09 0.791364 0.586624 4.64524e-06
5.575e-09 0.791367 0.586619 1.28909e-05
5.58e-09 0.791373 0.58661 2.06746e-05
5.585e-09 0.791383 0.586596 2.7492e-05
5.59e-09 0.791395 0.586579 3.28525e-05
5.595e-09 0.791409 0.58656 3.63182e-05
5.6e-09 0.791424 0.58654 3.75432e-05
5.605e-09 0.79144 0.586519 3.63105e-05
5.61e-09 0.791455 0.586499 3.25629e-05
5.615e-09 0.791468 0.586482 2.64238e-05
5.62e-09 0.791479 0.586468 1.82039e-05
5.625e-09 0.791485 0.58646 8.3935e-06
5.63e-09 0.791487 0.586457 -2.36247e-06
5.635e-09 0.791485 0.586461 -1.33059e-05
5.64e-09 0.791478 0.58647 -2.36207e-05
5.645e-09 0.791466 0.586486 -3.2498e-05
5.65e-09 0.79145 0.586506 -3.92059e-05
5.655e-09 0.791432 0.58653 -4.31562e-05
5.66e-09 0.791413 0.586556 -4.39625e-05
5.665e-09 0.791394 0.586581 -4.14817e-05
5.67e-09 0.791376 0.586605 -3.58349e-05
5.675e-09 0.791362 0.586625 -2.74049e-05
5.68e-09 0.791352 0.586639 -1.68093e-05
5.685e-09 0.791347 0.586646 -4.8523e-06
5.69e-09 0.791347 0.586647 7.54176e-06
5.695e-09 0.791353 0.58664 1.94051e-05
5.7e-09 0.791364 0.586625 2.98083e-05
5.705e-09 0.791379 0.586605 3.79381e-05
5.71e-09 0.791397 0.586581 4.31652e-05
5.715e-09 0.791417 0.586553 4.50963e-05
5.72e-09 0.791437 0.586526 4.36047e-05
5.725e-09 0.791455 0.5865 3.88389e-05
5.73e-09 0.791471 0.586478 3.1207e-05
5.735e-09 0.791482 0.586462 2.13401e-05
5.74e-09 0.791489 0.586452 1.00371e-05
5.745e-09 0.79149 0.586449 -1.80377e-06
5.75e-09 0.791486 0.586454 -1.32612e-05
5.755e-09 0.791478 0.586466 -2.34668e-05
5.76e-09 0.791465 0.586484 -3.16756e-05
5.765e-09 0.79145 0.586505 -3.73245e-05
5.77e-09 0.791433 0.58653 -4.00719e-05
5.775e-09 0.791415 0.586554 -3.98184e-05
5.78e-09 0.791399 0.586578 -3.67038e-05
5.785e-09 0.791384 0.586598 -3.10838e-05
5.79e-09 0.791372 0.586614 -2.34886e-05
5.795e-09 0.791365 0.586625 -1.45683e-05
5.8e-09 0.791361 0.586629 -5.03204e-06
5.805e-09 0.791361 0.586628 4.41321e-06
5.81e-09 0.791366 0.586621 1.31184e-05
5.815e-09 0.791373 0.58661 2.05371e-05
5.82e-09 0.791384 0.586595 2.62565e-05
5.825e-09 0.791396 0.586578 3.00138e-05
5.83e-09 0.79141 0.58656 3.16981e-05
5.835e-09 0.791423 0.586541 3.13399e-05
5.84e-09 0.791436 0.586524 2.90915e-05
5.845e-09 0.791447 0.58651 2.52023e-05
5.85e-09 0.791457 0.586498 1.99913e-05
5.855e-09 0.791463 0.586489 1.38209e-05
5.86e-09 0.791467 0.586484 7.07304e-06
5.865e-09 0.791468 0.586483 1.29889e-07
5.87e-09 0.791466 0.586485 -6.6415e-06
5.875e-09 0.791462 0.586491 -1.29009e-05
5.88e-09 0.791455 0.586499 -1.8344e-05
5.885e-09 0.791447 0.586511 -2.27094e-05
5.89e-09 0.791437 0.586524 -2.57858e-05
5.895e-09 0.791426 0.586538 -2.74176e-05
5.9e-09 0.791415 0.586553 -2.75122e-05
5.905e-09 0.791404 0.586568 -2.60452e-05
5.91e-09 0.791394 0.586582 -2.30659e-05
5.915e-09 0.791385 0.586594 -1.87005e-05
5.92e-09 0.791379 0.586604 -1.31523e-05
5.925e-09 0.791374 0.58661 -6.69908e-06
5.93e-09 0.791373 0.586613 3.15341e-07
5.935e-09 0.791374 0.586612 7.49368e-06
5.94e-09 0.791378 0.586606 1.44036e-05
5.945e-09 0.791384 0.586597 2.06012e-05
5.95e-09 0.791394 0.586584 2.56586e-05
5.955e-09 0.791405 0.586568 2.91946e-05
5.96e-09 0.791418 0.586551 3.09054e-05
5.965e-09 0.791431 0.586532 3.05932e-05
5.97e-09 0.791444 0.586514 2.81902e-05
5.975e-09 0.791456 0.586498 2.37738e-05
5.98e-09 0.791465 0.586484 1.75719e-05
5.985e-09 0.791472 0.586475 9.95674e-06
5.99e-09 0.791475 0.586471 1.42477e-06
5.995e-09 0.791474 0.586472 -7.43423e-06
6e-09 0.79147 0.586479 -1.59789e-05
6.005e-09 0.791461 0.586491 -2.3565e-05
6.01e-09 0.79145 0.586507 -2.95972e-05
6.015e-09 0.791436 0.586526 -3.35796e-05
6.02e-09 0.79142 0.586548 -3.516e-05
6.025e-09 0.791405 0.586569 -3.41637e-05
6.03e-09 0.79139 0.586589 -3.0614e-05
6.035e-09 0.791377 0.586606 -2.47356e-05
6.04e-09 0.791368 0.586619 -1.69427e-05
6.045e-09 0.791362 0.586626 -7.80888e-06
6.05e-09 0.791361 0.586628 1.97541e-06
6.055e-09 0.791364 0.586623 1.16577e-05
6.06e-09 0.791372 0.586613 2.04839e-05
6.065e-09 0.791383 0.586598 2.77612e-05
6.07e-09 0.791397 0.586579 3.29162e-05
6.075e-09 0.791412 0.586558 3.55448e-05
6.08e-09 0.791428 0.586536 3.54476e-05
6.085e-09 0.791443 0.586516 3.26484e-05
6.09e-09 0.791456 0.586498 2.73925e-05
6.095e-09 0.791466 0.586484 2.01254e-05
6.1e-09 0.791473 0.586475 1.14531e-05
6.105e-09 0.791475 0.586472 2.08746e-06
6.11e-09 0.791473 0.586475 -7.21712e-06
6.115e-09 0.791468 0.586482 -1.57309e-05
6.12e-09 0.791459 0.586495 -2.2812e-05
6.125e-09 0.791448 0.58651 -2.79591e-05
6.13e-09 0.791435 0.586528 -3.08505e-05
6.135e-09 0.791421 0.586546 -3.1363e-05
6.14e-09 0.791408 0.586564 -2.95726e-05
6.145e-09 0.791396 0.586579 -2.57358e-05
6.15e-09 0.791387 0.586592 -2.0255e-05
6.155e-09 0.79138 0.586601 -1.3634e-05
6.16e-09 0.791376 0.586606 -6.42604e-06
6.165e-09 0.791375 0.586607 8.16054e-07
6.17e-09 0.791378 0.586604 7.58583e-06
6.175e-09 0.791382 0.586598 1.34592e-05
6.18e-09 0.791389 0.586589 1.81185e-05
6.185e-09 0.791398 0.586578 2.13639e-05
6.19e-09 0.791408 0.586565 2.31127e-05
6.195e-09 0.791417 0.586552 2.33876e-05
6.2e-09 0.791427 0.586539 2.22983e-05
6.205e-09 0.791436 0.586528 2.00192e-05
6.21e-09 0.791443 0.586517 1.6765e-05
6.215e-09 0.791449 0.586509 1.27706e-05
6.22e-09 0.791453 0.586503 8.27317e-06
6.225e-09 0.791455 0.586499 3.50141e-06
6.23e-09 0.791456 0.586498 -1.33039e-06
6.235e-09 0.791454 0.586499 -6.02311e-06
6.24e-09 0.791451 0.586503 -1.03904e-05
6.245e-09 0.791446 0.58651 -1.42553e-05
6.25e-09 0.791439 0.586519 -1.74478e-05
6.255e-09 0.791432 0.58653 -1.98052e-05
6.26e-09 0.791424 0.586542 -2.11779e-05
6.265e-09 0.791415 0.586554 -2.14379e-05
6.27e-09 0.791406 0.586567 -2.04937e-05
6.275e-09 0.791398 0.586579 -1.83055e-05
6.28e-09 0.791391 0.586589 -1.49023e-05
6.285e-09 0.791385 0.586597 -1.03949e-05
6.29e-09 0.791381 0.586602 -4.9841e-06
6.295e-09 0.79138 0.586604 1.03988e-06
6.3e-09 0.791381 0.586601 7.30765e-06
6.305e-09 0.791385 0.586595 1.33912e-05
6.31e-09 0.791392 0.586585 1.88343e-05
6.315e-09 0.791401 0.586573 2.31895e-05
6.32e-09 0.791411 0.586558 2.60597e-05
6.325e-09 0.791423 0.586541 2.71385e-05
6.33e-09 0.791434 0.586525 2.62457e-05
6.335e-09 0.791446 0.58651 2.33534e-05
6.34e-09 0.791455 0.586498 1.85993e-05
6.345e-09 0.791462 0.586489 1.22843e-05
6.35e-09 0.791467 0.586484 4.85468e-06
6.355e-09 0.791467 0.586484 -3.13101e-06
6.36e-09 0.791465 0.586488 -1.10467e-05
6.365e-09 0.791458 0.586497 -1.82525e-05
6.37e-09 0.791449 0.58651 -2.41511e-05
6.375e-09 0.791437 0.586526 -2.82417e-05
6.38e-09 0.791424 0.586543 -3.01674e-05
6.385e-09 0.791411 0.586561 -2.97487e-05
6.39e-09 0.791398 0.586578 -2.70026e-05
6.395e-09 0.791387 0.586592 -2.21428e-05
6.4e-09 0.791378 0.586603 -1.55628e-05
6.405e-09 0.791373 0.586609 -7.80147e-06
6.41e-09 0.791372 0.586611 5.04157e-07
6.415e-09 0.791374 0.586608 8.67524e-06
6.42e-09 0.79138 0.586601 1.60514e-05
6.425e-09 0.791389 0.58659 2.20486e-05
6.43e-09 0.7914 0.586575 2.621e-05
6.435e-09 0.791412 0.586559 2.82439e-05
6.44e-09 0.791424 0.586543 2.80457e-05
6.445e-09 0.791436 0.586527 2.57024e-05
6.45e-09 0.791446 0.586513 2.14781e-05
6.455e-09 0.791454 0.586502 1.57843e-05
6.46e-09 0.791459 0.586495 9.1362e-06
6.465e-09 0.791461 0.586492 2.10184e-06
6.47e-09 0.79146 0.586493 -4.75139e-06
6.475e-09 0.791456 0.586497 -1.09071e-05
6.48e-09 0.79145 0.586505 -1.59421e-05
6.485e-09 0.791442 0.586516 -1.95558e-05
6.49e-09 0.791433 0.586528 -2.15865e-05
6.495e-09 0.791424 0.586541 -2.20117e-05
6.5e-09 0.791415 0.586553 -2.09353e-05
6.505e-09 0.791406 0.586565 -1.85643e-05
6.51e-09 0.7914 0.586575 -1.51778e-05
6.515e-09 0.791394 0.586583 -1.10936e-05
6.52e-09 0.791391 0.586588 -6.63598e-06
6.525e-09 0.791389 0.58659 -2.10782e-06
6.53e-09 0.79139 0.58659 2.22922e-06
6.535e-09 0.791392 0.586587 6.16655e-06
6.54e-09 0.791395 0.586583 9.55165e-06
6.545e-09 0.7914 0.586576 1.22839e-05
6.55e-09 0.791405 0.586568 1.43052e-05
6.555e-09 0.791411 0.586559 1.55881e-05
6.56e-09 0.791418 0.58655 1.61243e-05
6.565e-09 0.791424 0.586541 1.59159e-05
6.57e-09 0.791431 0.586532 1.4971e-05
6.575e-09 0.791437 0.586524 1.33049e-05
6.58e-09 0.791442 0.586517 1.0946e-05
6.585e-09 0.791446 0.586511 7.94519e-06
6.59e-09 0.791448 0.586508 4.38685e-06
6.595e-09 0.79145 0.586506 3.98804e-07
6.6e-09 0.791449 0.586507 -3.84191e-06
6.605e-09 0.791447 0.586511 -8.10931e-06
6.61e-09 0.791443 0.586517 -1.21365e-05
6.615e-09 0.791437 0.586525 -1.56315e-05
6.62e-09 0.79143 0.586535 -1.83011e-05
6.625e-09 0.791422 0.586546 -1.98783e-05
6.63e-09 0.791413 0.586557 -2.01533e-05
6.635e-09 0.791405 0.586569 -1.90013e-05
6.64e-09 0.791397 0.586579 -1.64054e-05
6.645e-09 0.791391 0.586588 -1.24703e-05
6.65e-09 0.791386 0.586593 -7.42375e-06
6.655e-09 0.791384 0.586596 -1.60603e-06
6.66e-09 0.791384 0.586595 4.55395e-06
6.665e-09 0.791387 0.586591 1.0573e-05
6.67e-09 0.791393 0.586583 1.59559e-05
6.675e-09 0.7914 0.586573 2.0241e-05
6.68e-09 0.79141 0.58656 2.30444e-05
6.685e-09 0.79142 0.586546 2.40987e-05
6.69e-09 0.791431 0.586533 2.32808e-05
6.695e-09 0.791441 0.58652 2.06266e-05
6.7e-09 0.791449 0.586509 1.63308e-05
6.705e-09 0.791455 0.5865 1.07307e-05
6.71e-09 0.791459 0.586496 4.2775e-06
6.715e-09 0.791459 0.586495 -2.50441e-06
6.72e-09 0.791457 0.586498 -9.06393e-06
6.725e-09 0.791452 0.586505 -1.48722e-05
6.73e-09 0.791444 0.586515 -1.94688e-05
6.735e-09 0.791434 0.586527 -2.2501e-05
6.74e-09 0.791424 0.586541 -2.37521e-05
6.745e-09 0.791413 0.586555 -2.31576e-05
6.75e-09 0.791404 0.586568 -2.08066e-05
6.755e-09 0.791395 0.58658 -1.69297e-05
6.76e-09 0.791389 0.586589 -1.18751e-05
6.765e-09 0.791385 0.586594 -6.07451e-06
6.77e-09 0.791384 0.586596 -3.52e-09
6.775e-09 0.791386 0.586595 5.86022e-06
6.78e-09 0.79139 0.586589 1.10772e-05
6.785e-09 0.791396 0.586581 1.52807e-05
6.79e-09 0.791403 0.586571 1.82031e-05
6.795e-09 0.791412 0.58656 1.96921e-05
6.8e-09 0.791421 0.586548 1.97155e-05
6.805e-09 0.791429 0.586536 1.83556e-05
6.81e-09 0.791436 0.586526 1.57933e-05
6.815e-09 0.791442 0.586517 1.22861e-05
6.82e-09 0.791446 0.586511 8.14035e-06
6.825e-09 0.791448 0.586508 3.68263e-06
6.83e-09 0.791448 0.586507 -7.67605e-07
6.835e-09 0.791447 0.586509 -4.92153e-06
6.84e-09 0.791444 0.586514 -8.53871e-06
6.845e-09 0.791439 0.58652 -1.14382e-05
6.85e-09 0.791434 0.586528 -1.35029e-05
6.855e-09 0.791428 0.586536 -1.46777e-05
6.86e-09 0.791422 0.586545 -1.49633e-05
6.865e-09 0.791416 0.586554 -1.44067e-05
6.87e-09 0.79141 0.586562 -1.30902e-05
6.875e-09 0.791405 0.586569 -1.11214e-05
6.88e-09 0.791401 0.586574 -8.62413e-06
6.885e-09 0.791398 0.586578 -5.73214e-06
6.89e-09 0.791397 0.58658 -2.58466e-06
6.895e-09 0.791396 0.58658 6.75631e-07
6.9e-09 0.791397 0.586578 3.90347e-06
6.905e-09 0.791399 0.586575 6.95167e-06
6.91e-09 0.791403 0.58657 9.67258e-06
6.915e-09 0.791407 0.586564 1.19212e-05
6.92e-09 0.791412 0.586557 1.35609e-05
6.925e-09 0.791418 0.586549 1.4471e-05
6.93e-09 0.791424 0.586541 1.45572e-05
6.935e-09 0.79143 0.586533 1.37623e-05
6.94e-09 0.791436 0.586526 1.20775e-05
6.945e-09 0.791441 0.58652 9.55063e-06
6.95e-09 0.791444 0.586515 6.29185e-06
6.955e-09 0.791446 0.586512 2.47383e-06
6.96e-09 0.791447 0.586512 -1.67413e-06
6.965e-09 0.791445 0.586513 -5.87819e-06
6.97e-09 0.791442 0.586517 -9.83816e-06
6.975e-09 0.791437 0.586524 -1.32503e-05
6.98e-09 0.791431 0.586532 -1.58333e-05
6.985e-09 0.791424 0.586541 -1.73537e-05
6.99e-09 0.791416 0.586552 -1.76505e-05
6.995e-09 0.791409 0.586562 -1.66532e-05
7e-09 0.791402 0.586571 -1.43935e-05
7.005e-09 0.791396 0.586579 -1.10075e-05
7.01e-09 0.791392 0.586585 -6.72852e-06
7.015e-09 0.79139 0.586588 -1.87056e-06
7.02e-09 0.79139 0.586588 3.19686e-06
7.025e-09 0.791393 0.586585 8.07912e-06
7.03e-09 0.791397 0.586579 1.23903e-05
7.035e-09 0.791403 0.586571 1.57866e-05
7.04e-09 0.79141 0.586561 1.79962e-05
7.045e-09 0.791419 0.586549 1.88433e-05
7.05e-09 0.791427 0.586538 1.82624e-05
7.055e-09 0.791435 0.586527 1.63042e-05
7.06e-09 0.791441 0.586518 1.313e-05
7.065e-09 0.791446 0.586511 8.99694e-06
7.07e-09 0.791449 0.586507 4.23538e-06
7.075e-09 0.79145 0.586506 -7.79962e-07
7.08e-09 0.791449 0.586508 -5.66147e-06
7.085e-09 0.791445 0.586513 -1.00405e-05
7.09e-09 0.79144 0.58652 -1.35964e-05
7.095e-09 0.791433 0.586529 -1.60811e-05
7.1e-09 0.791426 0.58654 -1.73358e-05
7.105e-09 0.791418 0.58655 -1.73008e-05
7.11e-09 0.79141 0.586561 -1.60168e-05
7.115e-09 0.791404 0.58657 -1.3617e-05
7.12e-09 0.791399 0.586577 -1.03137e-05
7.125e-09 0.791395 0.586581 -6.37852e-06
7.13e-09 0.791393 0.586584 -2.11846e-06
7.135e-09 0.791394 0.586583 2.14879e-06
7.14e-09 0.791396 0.58658 6.11955e-06
7.145e-09 0.7914 0.586575 9.52624e-06
7.15e-09 0.791405 0.586568 1.21553e-05
7.155e-09 0.791411 0.58656 1.386e-05
7.16e-09 0.791417 0.586552 1.45664e-05
7.165e-09 0.791423 0.586543 1.42748e-05
7.17e-09 0.791429 0.586535 1.30536e-05
7.175e-09 0.791434 0.586528 1.10302e-05
7.18e-09 0.791438 0.586523 8.37692e-06
7.185e-09 0.79144 0.58652 5.29612e-06
7.19e-09 0.791441 0.586518 2.00384e-06
7.195e-09 0.791441 0.586518 -1.28545e-06
7.2e-09 0.79144 0.58652 -4.37229e-06
7.205e-09 0.791437 0.586524 -7.08313e-06
7.21e-09 0.791434 0.586528 -9.2781e-06
7.215e-09 0.79143 0.586534 -1.08557e-05
7.22e-09 0.791425 0.58654 -1.17545e-05
7.225e-09 0.79142 0.586547 -1.19525e-05
7.23e-09 0.791416 0.586553 -1.14643e-05
7.235e-09 0.791411 0.586559 -1.03372e-05
7.24e-09 0.791407 0.586565 -8.64663e-06
7.245e-09 0.791404 0.586569 -6.49098e-06
7.25e-09 0.791402 0.586572 -3.98695e-06
7.255e-09 0.791401 0.586573 -1.26489e-06
7.26e-09 0.791401 0.586574 1.53557e-06
7.265e-09 0.791402 0.586572 4.26976e-06
7.27e-09 0.791404 0.586569 6.79247e-06
7.275e-09 0.791407 0.586565 8.96302e-06
7.28e-09 0.791411 0.58656 1.0651e-05
7.285e-09 0.791416 0.586554 1.17432e-05
7.29e-09 0.791421 0.586547 1.21509e-05
7.295e-09 0.791426 0.58654 1.18177e-05
7.3e-09 0.791431 0.586533 1.07272e-05
7.305e-09 0.791435 0.586527 8.90899e-06
7.31e-09 0.791439 0.586522 6.44255e-06
7.315e-09 0.791441 0.586518 3.45753e-06
7.32e-09 0.791442 0.586517 1.2996e-07
7.325e-09 0.791441 0.586517 -3.32614e-06
7.33e-09 0.791439 0.58652 -6.6718e-06
7.335e-09 0.791436 0.586525 -9.66001e-06
7.34e-09 0.791431 0.586531 -1.20552e-05
7.345e-09 0.791426 0.586539 -1.36538e-05
7.35e-09 0.79142 0.586548 -1.43037e-05
7.355e-09 0.791413 0.586556 -1.39203e-05
7.36e-09 0.791408 0.586565 -1.24982e-05
7.365e-09 0.791403 0.586572 -1.01153e-05
7.37e-09 0.791399 0.586577 -6.93028e-06
7.375e-09 0.791396 0.58658 -3.17205e-06
7.38e-09 0.791396 0.586581 8.77343e-07
7.385e-09 0.791397 0.586579 4.90555e-06
7.39e-09 0.7914 0.586575 8.59602e-06
7.395e-09 0.791404 0.586568 1.16551e-05
7.4e-09 0.79141 0.58656 1.38374e-05
7.405e-09 0.791416 0.586551 1.49677e-05
7.41e-09 0.791423 0.586542 1.49558e-05
7.415e-09 0.791429 0.586534 1.38049e-05
7.42e-09 0.791435 0.586526 1.16109e-05
7.425e-09 0.79144 0.58652 8.55414e-06
7.43e-09 0.791443 0.586516 4.88312e-06
7.435e-09 0.791444 0.586515 8.93012e-07
7.44e-09 0.791443 0.586516 -3.09997e-06
7.445e-09 0.791441 0.586519 -6.78549e-06
7.45e-09 0.791437 0.586525 -9.88489e-06
7.455e-09 0.791432 0.586531 -1.21737e-05
7.46e-09 0.791426 0.586539 -1.34988e-05
7.465e-09 0.79142 0.586547 -1.37889e-05
7.47e-09 0.791414 0.586555 -1.30572e-05
7.475e-09 0.791409 0.586562 -1.13973e-05
7.48e-09 0.791405 0.586568 -8.97156e-06
7.485e-09 0.791402 0.586572 -5.9945e-06
7.49e-09 0.7914 0.586574 -2.71221e-06
7.495e-09 0.7914 0.586574 6.19597e-07
7.5e-09 0.791401 0.586573 3.75701e-06
7.505e-09 0.791403 0.58657 6.48674e-06
7.51e-09 0.791407 0.586565 8.64079e-06
7.515e-09 0.791411 0.58656 1.0106e-05
7.52e-09 0.791416 0.586554 1.08276e-05
7.525e-09 0.79142 0.586548 1.08081e-05
7.53e-09 0.791425 0.586542 1.01008e-05
7.535e-09 0.791428 0.586536 8.80007e-06
7.54e-09 0.791432 0.586532 7.02969e-06
7.545e-09 0.791434 0.586529 4.93043e-06
7.55e-09 0.791435 0.586526 2.64819e-06
7.555e-09 0.791436 0.586525 3.23835e-07
7.56e-09 0.791435 0.586526 -1.9146e-06
7.565e-09 0.791434 0.586527 -3.95709e-06
7.57e-09 0.791432 0.58653 -5.71417e-06
7.575e-09 0.79143 0.586534 -7.11735e-06
7.58e-09 0.791426 0.586538 -8.11782e-06
7.585e-09 0.791423 0.586543 -8.68442e-06
7.59e-09 0.79142 0.586548 -8.80144e-06
7.595e-09 0.791416 0.586553 -8.46705e-06
7.6e-09 0.791413 0.586558 -7.69261e-06
7.605e-09 0.79141 0.586562 -6.50334e-06
7.61e-09 0.791407 0.586565 -4.93986e-06
7.615e-09 0.791405 0.586568 -3.06032e-06
7.62e-09 0.791404 0.586569 -9.42461e-07
7.625e-09 0.791404 0.586569 1.31541e-06
7.63e-09 0.791405 0.586568 3.5953e-06
7.635e-09 0.791407 0.586565 5.76297e-06
7.64e-09 0.79141 0.586561 7.67433e-06
7.645e-09 0.791413 0.586556 9.18482e-06
7.65e-09 0.791417 0.58655 1.01611e-05
7.655e-09 0.791422 0.586544 1.04944e-05
7.66e-09 0.791426 0.586538 1.01134e-05
7.665e-09 0.791431 0.586532 8.99572e-06
7.67e-09 0.791434 0.586527 7.17617e-06
7.675e-09 0.791437 0.586524 4.74981e-06
7.68e-09 0.791439 0.586522 1.86939e-06
7.685e-09 0.791439 0.586521 -1.26336e-06
7.69e-09 0.791438 0.586523 -4.41238e-06
7.695e-09 0.791435 0.586527 -7.32648e-06
7.7e-09 0.791432 0.586532 -9.76157e-06
7.705e-09 0.791427 0.586538 -1.15035e-05
7.71e-09 0.791422 0.586545 -1.23893e-05
7.715e-09 0.791416 0.586553 -1.23241e-05
7.72e-09 0.791411 0.58656 -1.12927e-05
7.725e-09 0.791406 0.586566 -9.36281e-06
7.73e-09 0.791403 0.586571 -6.68104e-06
7.735e-09 0.791401 0.586574 -3.46102e-06
7.74e-09 0.7914 0.586575 3.53241e-08
7.745e-09 0.791401 0.586573 3.52109e-06
7.75e-09 0.791403 0.58657 6.71036e-06
7.755e-09 0.791406 0.586565 9.34399e-06
7.76e-09 0.791411 0.586559 1.12128e-05
7.765e-09 0.791416 0.586552 1.21757e-05
7.77e-09 0.791422 0.586545 1.21714e-05
7.775e-09 0.791427 0.586538 1.12221e-05
7.78e-09 0.791431 0.586532 9.42937e-06
7.785e-09 0.791435 0.586527 6.96276e-06
7.79e-09 0.791437 0.586524 4.04233e-06
7.795e-09 0.791438 0.586523 9.17106e-07
7.8e-09 0.791438 0.586523 -2.1582e-06
7.805e-09 0.791436 0.586525 -4.94591e-06
7.81e-09 0.791433 0.586529 -7.24519e-06
7.815e-09 0.79143 0.586534 -8.90726e-06
7.82e-09 0.791426 0.586539 -9.84458e-06
7.825e-09 0.791421 0.586545 -1.00336e-05
7.83e-09 0.791417 0.586551 -9.51155e-06
7.835e-09 0.791413 0.586556 -8.3672e-06
7.84e-09 0.79141 0.58656 -6.72859e-06
7.845e-09 0.791408 0.586564 -4.74795e-06
7.85e-09 0.791406 0.586566 -2.58642e-06
7.855e-09 0.791406 0.586567 -4.00116e-07
7.86e-09 0.791406 0.586566 1.67132e-06
7.865e-09 0.791408 0.586565 3.51274e-06
7.87e-09 0.79141 0.586562 5.03778e-06
7.875e-09 0.791412 0.586559 6.1897e-06
7.88e-09 0.791415 0.586555 6.93939e-06
7.885e-09 0.791418 0.586551 7.28136e-06
7.89e-09 0.791421 0.586547 7.22884e-06
7.895e-09 0.791424 0.586542 6.80886e-06
7.9e-09 0.791426 0.586539 6.05808e-06
7.905e-09 0.791428 0.586535 5.01987e-06
7.91e-09 0.79143 0.586533 3.74285e-06
7.915e-09 0.791431 0.586531 2.28054e-06
7.92e-09 0.791432 0.58653 6.92052e-07
7.925e-09 0.791432 0.58653 -9.57087e-07
7.93e-09 0.791431 0.586531 -2.59436e-06
7.935e-09 0.79143 0.586533 -4.14065e-06
7.94e-09 0.791428 0.586536 -5.512e-06
7.945e-09 0.791426 0.58654 -6.62308e-06
7.95e-09 0.791423 0.586544 -7.39228e-06
7.955e-09 0.79142 0.586548 -7.74826e-06
7.96e-09 0.791416 0.586553 -7.63726e-06
7.965e-09 0.791413 0.586557 -7.03062e-06
7.97e-09 0.79141 0.586561 -5.93125e-06
7.975e-09 0.791408 0.586564 -4.37837e-06
7.98e-09 0.791406 0.586566 -2.44932e-06
7.985e-09 0.791406 0.586567 -2.57896e-07
7.99e-09 0.791406 0.586566 2.05123e-06
7.995e-09 0.791407 0.586564 4.31186e-06
8e-09 0.791409 0.586561 6.34894e-06
8.005e-09 0.791412 0.586557 7.99335e-06
8.01e-09 0.791416 0.586552 9.09764e-06
8.015e-09 0.79142 0.586547 9.55083e-06
8.02e-09 0.791425 0.586541 9.29081e-06
8.025e-09 0.791428 0.586536 8.31275e-06
8.03e-09 0.791432 0.586532 6.6724e-06
8.035e-09 0.791434 0.586528 4.48368e-06
8.04e-09 0.791436 0.586526 1.91056e-06
8.045e-09 0.791436 0.586526 -8.46215e-07
8.05e-09 0.791435 0.586527 -3.56617e-06
8.055e-09 0.791433 0.58653 -6.02851e-06
8.06e-09 0.79143 0.586534 -8.03187e-06
8.065e-09 0.791426 0.586539 -9.41238e-06
8.07e-09 0.791422 0.586544 -1.00584e-05
8.075e-09 0.791417 0.58655 -9.92057e-06
8.08e-09 0.791413 0.586556 -9.01563e-06
8.085e-09 0.79141 0.586561 -7.42464e-06
8.09e-09 0.791407 0.586565 -5.28501e-06
8.095e-09 0.791405 0.586568 -2.77748e-06
8.1e-09 0.791404 0.586569 -1.0954e-07
8.105e-09 0.791405 0.586568 2.50337e-06
8.11e-09 0.791407 0.586566 4.85676e-06
8.115e-09 0.791409 0.586562 6.7744e-06
8.12e-09 0.791413 0.586558 8.12248e-06
8.125e-09 0.791416 0.586552 8.81921e-06
8.13e-09 0.79142 0.586547 8.83928e-06
8.135e-09 0.791424 0.586542 8.21292e-06
8.14e-09 0.791427 0.586537 7.01996e-06
8.145e-09 0.79143 0.586533 5.37978e-06
8.15e-09 0.791432 0.586531 3.43844e-06
8.155e-09 0.791433 0.586529 1.35445e-06
8.16e-09 0.791433 0.586529 -7.1529e-07
8.165e-09 0.791432 0.58653 -2.62793e-06
8.17e-09 0.79143 0.586533 -4.26455e-06
8.175e-09 0.791428 0.586536 -5.53662e-06
8.18e-09 0.791426 0.586539 -6.38906e-06
8.185e-09 0.791423 0.586543 -6.79985e-06
8.19e-09 0.79142 0.586548 -6.77706e-06
8.195e-09 0.791417 0.586551 -6.35383e-06
8.2e-09 0.791415 0.586555 -5.58245e-06
8.205e-09 0.791412 0.586558 -4.52823e-06
8.21e-09 0.791411 0.58656 -3.26398e-06
8.215e-09 0.79141 0.586561 -1.86542e-06
8.22e-09 0.79141 0.586562 -4.07789e-07
8.225e-09 0.79141 0.586561 1.03642e-06
8.23e-09 0.791411 0.58656 2.39892e-06
8.235e-09 0.791412 0.586558 3.61661e-06
8.24e-09 0.791414 0.586556 4.63246e-06
8.245e-09 0.791416 0.586553 5.39665e-06
8.25e-09 0.791418 0.58655 5.8681e-06
8.255e-09 0.79142 0.586546 6.01653e-06
8.26e-09 0.791423 0.586543 5.82479e-06
8.265e-09 0.791425 0.58654 5.29131e-06
8.27e-09 0.791427 0.586537 4.43226e-06
8.275e-09 0.791429 0.586535 3.28301e-06
8.28e-09 0.79143 0.586534 1.89844e-06
8.285e-09 0.791431 0.586533 3.5194e-07
8.29e-09 0.79143 0.586533 -1.26736e-06
8.295e-09 0.79143 0.586534 -2.85892e-06
8.3e-09 0.791428 0.586536 -4.31676e-06
8.305e-09 0.791426 0.586539 -5.53664e-06
8.31e-09 0.791424 0.586542 -6.42396e-06
8.315e-09 0.791421 0.586546 -6.90183e-06
8.32e-09 0.791418 0.58655 -6.91846e-06
8.325e-09 0.791415 0.586554 -6.45315e-06
8.33e-09 0.791413 0.586557 -5.52025e-06
8.335e-09 0.79141 0.58656 -4.17024e-06
8.34e-09 0.791409 0.586562 -2.48796e-06
8.345e-09 0.791408 0.586564 -5.87544e-07
8.35e-09 0.791408 0.586563 1.39544e-06
8.355e-09 0.791409 0.586562 3.31418e-06
8.36e-09 0.791411 0.58656 5.02228e-06
8.365e-09 0.791413 0.586557 6.38583e-06
8.37e-09 0.791416 0.586553 7.29485e-06
8.375e-09 0.79142 0.586548 7.67291e-06
8.38e-09 0.791423 0.586543 7.48412e-06
8.385e-09 0.791426 0.586539 6.73681e-06
8.39e-09 0.791429 0.586535 5.48341e-06
8.395e-09 0.791431 0.586532 3.8167e-06
8.4e-09 0.791432 0.58653 1.86253e-06
8.405e-09 0.791433 0.58653 -2.30121e-07
8.41e-09 0.791432 0.586531 -2.30119e-06
8.415e-09 0.791431 0.586533 -4.19246e-06
8.42e-09 0.791428 0.586536 -5.76029e-06
8.425e-09 0.791426 0.586539 -6.88726e-06
8.43e-09 0.791422 0.586544 -7.49146e-06
8.435e-09 0.791419 0.586549 -7.53293e-06
8.44e-09 0.791416 0.586553 -7.01642e-06
8.445e-09 0.791413 0.586557 -5.99044e-06
8.45e-09 0.791411 0.58656 -4.54263e-06
8.455e-09 0.791409 0.586562 -2.79186e-06
8.46e-09 0.791408 0.586563 -8.7773e-07
8.465e-09 0.791409 0.586563 1.05131e-06
8.47e-09 0.791409 0.586562 2.85044e-06
8.475e-09 0.791411 0.586559 4.39008e-06
8.48e-09 0.791413 0.586556 5.56581e-06
8.485e-09 0.791416 0.586553 6.30566e-06
8.49e-09 0.791419 0.586549 6.57412e-06
8.495e-09 0.791422 0.586545 6.37294e-06
8.5e-09 0.791424 0.586541 5.73858e-06
8.505e-09 0.791426 0.586538 4.73701e-06
8.51e-09 0.791428 0.586536 3.45646e-06
8.515e-09 0.791429 0.586535 1.99899e-06
8.52e-09 0.79143 0.586534 4.71783e-07
8.525e-09 0.79143 0.586534 -1.02099e-06
8.53e-09 0.791429 0.586536 -2.3852e-06
8.535e-09 0.791427 0.586537 -3.54215e-06
8.54e-09 0.791426 0.58654 -4.43217e-06
8.545e-09 0.791424 0.586542 -5.01632e-06
8.55e-09 0.791421 0.586545 -5.27653e-06
8.555e-09 0.791419 0.586548 -5.21439e-06
8.56e-09 0.791417 0.586551 -4.84891e-06
8.565e-09 0.791415 0.586554 -4.21377e-06
8.57e-09 0.791414 0.586556 -3.35422e-06
8.575e-09 0.791413 0.586557 -2.324e-06
8.58e-09 0.791412 0.586558 -1.18244e-06
8.585e-09 0.791412 0.586558 8.22147e-09
8.59e-09 0.791412 0.586558 1.18525e-06
8.595e-09 0.791413 0.586557 2.28761e-06
8.6e-09 0.791414 0.586556 3.25797e-06
8.605e-09 0.791415 0.586554 4.04475e-06
8.61e-09 0.791417 0.586551 4.60406e-06
8.615e-09 0.791419 0.586549 4.90171e-06
8.62e-09 0.791421 0.586546 4.91522e-06
8.625e-09 0.791423 0.586543 4.63574e-06
8.63e-09 0.791425 0.586541 4.06966e-06
8.635e-09 0.791427 0.586538 3.23975e-06
8.64e-09 0.791428 0.586537 2.18559e-06
8.645e-09 0.791429 0.586535 9.62903e-07
8.65e-09 0.791429 0.586535 -3.58298e-07
8.655e-09 0.791428 0.586536 -1.6969e-06
8.66e-09 0.791428 0.586537 -2.96522e-06
8.665e-09 0.791426 0.586539 -4.0747e-06
8.67e-09 0.791424 0.586541 -4.94232e-06
8.675e-09 0.791422 0.586545 -5.49734e-06
8.68e-09 0.79142 0.586548 -5.68768e-06
8.685e-09 0.791417 0.586551 -5.48534e-06
8.69e-09 0.791415 0.586555 -4.89023e-06
8.695e-09 0.791413 0.586557 -3.93184e-06
8.7e-09 0.791411 0.586559 -2.66863e-06
8.705e-09 0.79141 0.586561 -1.18479e-06
8.71e-09 0.79141 0.586561 4.15286e-07
8.715e-09 0.791411 0.58656 2.01458e-06
8.72e-09 0.791412 0.586558 3.4924e-06
8.725e-09 0.791414 0.586556 4.73402e-06
8.73e-09 0.791416 0.586553 5.64019e-06
8.735e-09 0.791419 0.586549 6.13574e-06
8.74e-09 0.791421 0.586545 6.1763e-06
8.745e-09 0.791424 0.586542 5.75279e-06
8.75e-09 0.791426 0.586538 4.89295e-06
8.755e-09 0.791428 0.586536 3.6598e-06
8.76e-09 0.79143 0.586534 2.1471e-06
8.765e-09 0.79143 0.586533 4.71951e-07
8.77e-09 0.79143 0.586534 -1.23472e-06
8.775e-09 0.791429 0.586535 -2.83907e-06
8.78e-09 0.791427 0.586537 -4.2157e-06
8.785e-09 0.791425 0.58654 -5.25836e-06
8.79e-09 0.791423 0.586544 -5.88902e-06
8.795e-09 0.79142 0.586547 -6.06437e-06
8.8e-09 0.791417 0.586551 -5.77918e-06
8.805e-09 0.791415 0.586554 -5.06607e-06
8.81e-09 0.791413 0.586556 -3.99188e-06
8.815e-09 0.791412 0.586558 -2.65094e-06
8.82e-09 0.791411 0.586559 -1.15597e-06
8.825e-09 0.791411 0.586559 3.72335e-07
8.83e-09 0.791412 0.586559 1.81602e-06
8.835e-09 0.791413 0.586557 3.06979e-06
8.84e-09 0.791414 0.586555 4.04923e-06
8.845e-09 0.791416 0.586552 4.69652e-06
8.85e-09 0.791418 0.58655 4.98336e-06
8.855e-09 0.791421 0.586547 4.91103e-06
8.86e-09 0.791423 0.586544 4.50771e-06
8.865e-09 0.791424 0.586542 3.82373e-06
8.87e-09 0.791426 0.58654 2.92537e-06
8.875e-09 0.791427 0.586538 1.88793e-06
8.88e-09 0.791427 0.586538 7.88954e-07
8.885e-09 0.791427 0.586538 -2.97885e-07
8.89e-09 0.791427 0.586538 -1.30757e-06
8.895e-09 0.791426 0.586539 -2.18707e-06
8.9e-09 0.791425 0.58654 -2.89701e-06
8.905e-09 0.791424 0.586542 -3.41189e-06
8.91e-09 0.791422 0.586544 -3.71904e-06
8.915e-09 0.791421 0.586546 -3.81689e-06
8.92e-09 0.791419 0.586548 -3.71273e-06
8.925e-09 0.791418 0.586551 -3.42061e-06
8.93e-09 0.791416 0.586552 -2.95963e-06
8.935e-09 0.791415 0.586554 -2.35278e-06
8.94e-09 0.791414 0.586555 -1.62655e-06
8.945e-09 0.791414 0.586556 -8.10952e-07
8.95e-09 0.791414 0.586556 5.9991e-08
8.955e-09 0.791414 0.586556 9.47876e-07
8.96e-09 0.791414 0.586555 1.80991e-06
8.965e-09 0.791415 0.586554 2.59965e-06
8.97e-09 0.791416 0.586552 3.26869e-06
8.975e-09 0.791418 0.58655 3.76942e-06
8.98e-09 0.79142 0.586548 4.05869e-06
8.985e-09 0.791421 0.586545 4.10207e-06
8.99e-09 0.791423 0.586543 3.87827e-06
8.995e-09 0.791425 0.586541 3.38307e-06
9e-09 0.791426 0.586539 2.63219e-06
9.005e-09 0.791427 0.586538 1.66255e-06
9.01e-09 0.791427 0.586537 5.31554e-07
9.015e-09 0.791428 0.586537 -6.85884e-07
9.02e-09 0.791427 0.586538 -1.9023e-06
9.025e-09 0.791426 0.586539 -3.02443e-06
9.03e-09 0.791425 0.586541 -3.96109e-06
9.035e-09 0.791423 0.586544 -4.6314e-06
9.04e-09 0.791421 0.586547 -4.97261e-06
9.045e-09 0.791418 0.58655 -4.94655e-06
9.05e-09 0.791416 0.586553 -4.54414e-06
9.055e-09 0.791414 0.586555 -3.78735e-06
9.06e-09 0.791413 0.586557 -2.72833e-06
9.065e-09 0.791412 0.586558 -1.44572e-06
9.07e-09 0.791412 0.586558 -3.84822e-08
9.075e-09 0.791412 0.586558 1.38232e-06
9.08e-09 0.791413 0.586557 2.70296e-06
9.085e-09 0.791414 0.586555 3.81693e-06
9.09e-09 0.791416 0.586552 4.63426e-06
9.095e-09 0.791418 0.586549 5.08943e-06
9.1e-09 0.791421 0.586546 5.14722e-06
9.105e-09 0.791423 0.586543 4.80567e-06
9.11e-09 0.791425 0.586541 4.09621e-06
9.115e-09 0.791426 0.586539 3.08056e-06
9.12e-09 0.791428 0.586537 1.84506e-06
9.125e-09 0.791428 0.586537 4.92667e-07
9.13e-09 0.791428 0.586537 -8.66369e-07
9.135e-09 0.791427 0.586538 -2.12432e-06
9.14e-09 0.791426 0.586539 -3.18532e-06
9.145e-09 0.791424 0.586541 -3.9733e-06
9.15e-09 0.791422 0.586544 -4.43776e-06
9.155e-09 0.79142 0.586546 -4.55697e-06
9.16e-09 0.791418 0.586549 -4.3383e-06
9.165e-09 0.791417 0.586551 -3.81581e-06
9.17e-09 0.791415 0.586553 -3.04565e-06
9.175e-09 0.791414 0.586555 -2.09962e-06
9.18e-09 0.791414 0.586556 -1.05788e-06
9.185e-09 0.791414 0.586556 -1.57759e-09
9.19e-09 0.791414 0.586556 9.93946e-07
9.195e-09 0.791414 0.586555 1.8647e-06
9.2e-09 0.791415 0.586554 2.56187e-06
9.205e-09 0.791417 0.586552 3.05387e-06
9.21e-09 0.791418 0.58655 3.32649e-06
9.215e-09 0.79142 0.586548 3.38155e-06
9.22e-09 0.791421 0.586546 3.2343e-06
9.225e-09 0.791422 0.586544 2.91014e-06
9.23e-09 0.791423 0.586543 2.44107e-06
9.235e-09 0.791424 0.586541 1.86243e-06
9.24e-09 0.791425 0.586541 1.21012e-06
9.245e-09 0.791425 0.58654 5.1871e-07
9.25e-09 0.791425 0.58654 -1.79683e-07
9.255e-09 0.791425 0.58654 -8.55674e-07
9.26e-09 0.791424 0.586541 -1.48236e-06
9.265e-09 0.791424 0.586542 -2.0348e-06
9.27e-09 0.791423 0.586543 -2.48952e-06
9.275e-09 0.791422 0.586545 -2.82443e-06
9.28e-09 0.791421 0.586547 -3.0193e-06
9.285e-09 0.791419 0.586548 -3.0569e-06
9.29e-09 0.791418 0.58655 -2.92483e-06
9.295e-09 0.791417 0.586552 -2.61773e-06
9.3e-09 0.791416 0.586553 -2.13964e-06
9.305e-09 0.791415 0.586554 -1.50594e-06
9.31e-09 0.791415 0.586555 -7.44625e-07
9.315e-09 0.791414 0.586555 1.03685e-07
9.32e-09 0.791415 0.586555 9.87113e-07
9.325e-09 0.791415 0.586554 1.84543e-06
9.33e-09 0.791416 0.586553 2.61434e-06
9.335e-09 0.791417 0.586551 3.23085e-06
9.34e-09 0.791419 0.586549 3.63914e-06
9.345e-09 0.79142 0.586547 3.79631e-06
9.35e-09 0.791422 0.586544 3.67746e-06
9.355e-09 0.791423 0.586542 3.27918e-06
9.36e-09 0.791425 0.586541 2.62132e-06
9.365e-09 0.791426 0.586539 1.74646e-06
9.37e-09 0.791426 0.586539 7.17144e-07
9.375e-09 0.791427 0.586538 -3.88919e-07
9.38e-09 0.791426 0.586539 -1.48528e-06
9.385e-09 0.791425 0.58654 -2.4842e-06
9.39e-09 0.791424 0.586542 -3.30439e-06
9.395e-09 0.791423 0.586544 -3.87825e-06
9.4e-09 0.791421 0.586546 -4.15801e-06
9.405e-09 0.791419 0.586549 -4.11997e-06
9.41e-09 0.791417 0.586551 -3.76672e-06
9.415e-09 0.791416 0.586553 -3.12686e-06
9.42e-09 0.791414 0.586555 -2.25247e-06
9.425e-09 0.791414 0.586556 -1.21447e-06
9.43e-09 0.791413 0.586556 -9.63804e-08
9.435e-09 0.791414 0.586556 1.01292e-06
9.44e-09 0.791414 0.586555 2.02683e-06
9.445e-09 0.791415 0.586554 2.86826e-06
9.45e-09 0.791417 0.586552 3.4759e-06
9.455e-09 0.791418 0.58655 3.80885e-06
9.46e-09 0.79142 0.586547 3.84945e-06
9.465e-09 0.791422 0.586545 3.60384e-06
9.47e-09 0.791423 0.586543 3.10053e-06
9.475e-09 0.791425 0.586541 2.38704e-06
9.48e-09 0.791425 0.58654 1.52508e-06
9.485e-09 0.791426 0.586539 5.84751e-07
9.49e-09 0.791426 0.586539 -3.6155e-07
9.495e-09 0.791425 0.58654 -1.24509e-06
9.5e-09 0.791425 0.586541 -2.00596e-06
9.505e-09 0.791424 0.586542 -2.59706e-06
9.51e-09 0.791422 0.586544 -2.98676e-06
9.515e-09 0.791421 0.586546 -3.15994e-06
9.52e-09 0.79142 0.586548 -3.11769e-06
9.525e-09 0.791418 0.58655 -2.87573e-06
9.53e-09 0.791417 0.586551 -2.4618e-06
9.535e-09 0.791416 0.586552 -1.91263e-06
9.54e-09 0.791416 0.586553 -1.27045e-06
9.545e-09 0.791415 0.586554 -5.79673e-07
9.55e-09 0.791415 0.586554 1.16063e-07
9.555e-09 0.791416 0.586553 7.76439e-07
9.56e-09 0.791416 0.586553 1.36631e-06
9.565e-09 0.791417 0.586552 1.85695e-06
9.57e-09 0.791418 0.58655 2.22671e-06
9.575e-09 0.791419 0.586549 2.46116e-06
9.58e-09 0.79142 0.586548 2.55294e-06
9.585e-09 0.791421 0.586546 2.50127e-06
9.59e-09 0.791422 0.586545 2.3115e-06
9.595e-09 0.791423 0.586544 1.99459e-06
9.6e-09 0.791423 0.586543 1.56662e-06
9.605e-09 0.791424 0.586542 1.04845e-06
9.61e-09 0.791424 0.586542 4.65271e-07
9.615e-09 0.791424 0.586541 -1.5382e-07
9.62e-09 0.791424 0.586542 -7.76539e-07
9.625e-09 0.791424 0.586542 -1.36841e-06
9.63e-09 0.791423 0.586543 -1.89419e-06
9.635e-09 0.791422 0.586544 -2.31969e-06
9.64e-09 0.791421 0.586546 -2.614e-06
9.645e-09 0.79142 0.586547 -2.75195e-06
9.65e-09 0.791419 0.586549 -2.7166e-06
9.655e-09 0.791418 0.58655 -2.5014e-06
9.66e-09 0.791417 0.586552 -2.11191e-06
9.665e-09 0.791416 0.586553 -1.5666e-06
9.67e-09 0.791415 0.586553 -8.96581e-07
9.675e-09 0.791415 0.586554 -1.44268e-07
9.68e-09 0.791415 0.586554 6.39238e-07
9.685e-09 0.791416 0.586553 1.39771e-06
9.69e-09 0.791416 0.586552 2.07411e-06
9.695e-09 0.791417 0.586551 2.6153e-06
9.7e-09 0.791419 0.586549 2.97666e-06
9.705e-09 0.79142 0.586547 3.12612e-06
9.71e-09 0.791421 0.586546 3.0474e-06
9.715e-09 0.791423 0.586544 2.74182e-06
9.72e-09 0.791424 0.586542 2.22869e-06
9.725e-09 0.791425 0.586541 1.54415e-06
9.73e-09 0.791425 0.58654 7.38523e-07
9.735e-09 0.791425 0.58654 -1.27675e-07
9.74e-09 0.791425 0.58654 -9.88535e-07
9.745e-09 0.791424 0.586541 -1.77815e-06
9.75e-09 0.791424 0.586542 -2.436e-06
9.755e-09 0.791422 0.586544 -2.91192e-06
9.76e-09 0.791421 0.586546 -3.17018e-06
9.765e-09 0.79142 0.586548 -3.19233e-06
9.77e-09 0.791418 0.58655 -2.9786e-06
9.775e-09 0.791417 0.586551 -2.54769e-06
9.78e-09 0.791416 0.586553 -1.93503e-06
9.785e-09 0.791415 0.586554 -1.18964e-06
9.79e-09 0.791415 0.586554 -3.69954e-07
9.795e-09 0.791415 0.586554 4.61069e-07
9.8e-09 0.791415 0.586554 1.24111e-06
9.805e-09 0.791416 0.586553 1.9134e-06
9.81e-09 0.791417 0.586551 2.43104e-06
9.815e-09 0.791418 0.58655 2.76036e-06
9.82e-09 0.79142 0.586548 2.88301e-06
9.825e-09 0.791421 0.586546 2.79675e-06
9.83e-09 0.791422 0.586544 2.51497e-06
9.835e-09 0.791423 0.586543 2.06482e-06
9.84e-09 0.791424 0.586542 1.48459e-06
9.845e-09 0.791424 0.586542 8.20179e-07
9.85e-09 0.791424 0.586541 1.21306e-07
9.855e-09 0.791424 0.586541 -5.6233e-07
9.86e-09 0.791424 0.586542 -1.18465e-06
9.865e-09 0.791423 0.586543 -1.70627e-06
9.87e-09 0.791422 0.586544 -2.09683e-06
9.875e-09 0.791421 0.586545 -2.33651e-06
9.88e-09 0.79142 0.586547 -2.4167e-06
9.885e-09 0.791419 0.586548 -2.33975e-06
9.89e-09 0.791418 0.586549 -2.11805e-06
9.895e-09 0.791418 0.58655 -1.77239e-06
9.9e-09 0.791417 0.586551 -1.33003e-06
9.905e-09 0.791417 0.586552 -8.22351e-07
9.91e-09 0.791416 0.586552 -2.82631e-07
9.915e-09 0.791416 0.586552 2.56148e-07
9.92e-09 0.791417 0.586552 7.63159e-07
9.925e-09 0.791417 0.586551 1.21122e-06
9.93e-09 0.791418 0.58655 1.57784e-06
9.935e-09 0.791418 0.586549 1.84586e-06
9.94e-09 0.791419 0.586548 2.00373e-06
9.945e-09 0.79142 0.586547 2.04552e-06
9.95e-09 0.791421 0.586546 1.9707e-06
9.955e-09 0.791422 0.586545 1.78395e-06
9.96e-09 0.791422 0.586544 1.49485e-06
9.965e-09 0.791423 0.586543 1.11763e-06
9.97e-09 0.791423 0.586543 6.70862e-07
9.975e-09 0.791424 0.586542 1.77099e-07
9.98e-09 0.791424 0.586542 -3.37679e-07
9.985e-09 0.791423 0.586543 -8.44881e-07
9.99e-09 0.791423 0.586543 -1.31446e-06
9.995e-09 0.791422 0.586544 -1.71642e-06
1e-08 0.791421 0.586545 -2.02264e-06
