0 2.89908e-05 -2.90181e-05 0.0272325
1e-11 -0.000222845 0.0124769 0.0272322
2e-11 -0.00076019 0.0235888 0.0272298
3e-11 -0.00173832 0.0332811 0.0272163
4e-11 -0.0032936 0.0419478 0.0271823
5e-11 -0.00552475 0.0501271 0.0271207
6e-11 -0.00846441 0.0582252 0.0270272
7e-11 -0.0120655 0.0664774 0.0269063
8e-11 -0.0162258 0.0749924 0.026776
9e-11 -0.0208334 0.0837787 0.0266573
1e-10 -0.0257994 0.0927844 0.0265608
1.1e-10 -0.0310535 0.101867 0.0264859
1.2e-10 -0.0365253 0.110782 0.0264245
1.3e-10 -0.0421449 0.119234 0.0263647
1.4e-10 -0.0478706 0.126971 0.0262937
1.5e-10 -0.0537187 0.133885 0.0261954
1.6e-10 -0.0597663 0.140039 0.0260519
1.7e-10 -0.0661203 0.145627 0.0258539
1.8e-10 -0.0728666 0.150878 0.025613
1.9e-10 -0.0800296 0.155977 0.0253608
2e-10 -0.0875627 0.161009 0.0251349
2.1e-10 -0.0953712 0.16595 0.0249612
2.2e-10 -0.103348 0.170701 0.0248412
2.3e-10 -0.111402 0.175139 0.0247529
2.4e-10 -0.119469 0.179157 0.0246637
2.5e-10 -0.127513 0.182677 0.0245471
2.6e-10 -0.135519 0.18566 0.0243938
2.7e-10 -0.143495 0.188094 0.0242108
2.8e-10 -0.151464 0.190001 0.0240107
2.9e-10 -0.159459 0.191428 0.0238027
3e-10 -0.16751 0.192438 0.0235904
3.1e-10 -0.175627 0.193091 0.023376
3.2e-10 -0.183802 0.193428 0.0231659
3.3e-10 -0.192 0.193469 0.0229706
3.4e-10 -0.200172 0.193211 0.0228001
3.5e-10 -0.208258 0.19264 0.0226581
3.6e-10 -0.216196 0.191734 0.0225394
3.7e-10 -0.223938 0.190468 0.0224322
3.8e-10 -0.231456 0.188821 0.0223222
3.9e-10 -0.238745 0.186774 0.0221983
4e-10 -0.24582 0.184324 0.0220549
4.1e-10 -0.252707 0.181482 0.0218931
4.2e-10 -0.259431 0.178278 0.0217195
4.3e-10 -0.266006 0.174748 0.0215437
4.4e-10 -0.272428 0.170934 0.0213771
4.5e-10 -0.278679 0.166871 0.0212299
4.6e-10 -0.284727 0.162587 0.0211094
4.7e-10 -0.290537 0.158098 0.0210179
4.8e-10 -0.296075 0.153409 0.0209521
4.9e-10 -0.301317 0.148518 0.0209036
5e-10 -0.306252 0.14342 0.0208616
5.1e-10 -0.310878 0.138111 0.0208158
5.2e-10 -0.315201 0.132592 0.0207595
5.3e-10 -0.319231 0.126873 0.0206913
5.4e-10 -0.32298 0.120971 0.0206144
5.5e-10 -0.326456 0.114911 0.0205353
5.6e-10 -0.329665 0.108718 0.0204622
5.7e-10 -0.332605 0.102421 0.0204033
5.8e-10 -0.335273 0.0960443 0.0203648
5.9e-10 -0.337656 0.0896104 0.0203497
6e-10 -0.339744 0.083135 0.0203562
6.1e-10 -0.341524 0.0766292 0.0203786
6.2e-10 -0.342989 0.0701005 0.0204085
6.3e-10 -0.344137 0.0635534 0.0204371
6.4e-10 -0.344974 0.0569923 0.0204579
6.5e-10 -0.345509 0.0504229 0.0204683
6.6e-10 -0.345754 0.0438535 0.0204701
6.7e-10 -0.345723 0.037296 0.0204684
6.8e-10 -0.345424 0.0307659 0.0204705
6.9e-10 -0.344865 0.0242814 0.0204834
7e-10 -0.344048 0.0178618 0.0205122
7.1e-10 -0.342973 0.0115257 0.0205584
7.2e-10 -0.341636 0.00528903 0.02062
7.3e-10 -0.340039 -0.000835477 0.0206921
7.4e-10 -0.338182 -0.00683852 0.0207682
7.5e-10 -0.336071 -0.0127132 0.0208427
7.6e-10 -0.333715 -0.0184538 0.020912
7.7e-10 -0.331127 -0.0240544 0.0209756
7.8e-10 -0.328318 -0.0295078 0.0210362
7.9e-10 -0.325302 -0.0348054 0.0210981
8e-10 -0.322089 -0.0399368 0.0211664
8.1e-10 -0.318688 -0.0448906 0.0212449
8.2e-10 -0.315106 -0.0496552 0.0213356
8.3e-10 -0.311349 -0.0542191 0.0214379
8.4e-10 -0.307422 -0.058572 0.0215489
8.5e-10 -0.303332 -0.0627049 0.0216648
8.6e-10 -0.29909 -0.0666104 0.0217816
8.7e-10 -0.294706 -0.0702824 0.0218969
8.8e-10 -0.290193 -0.073716 0.0220097
8.9e-10 -0.285564 -0.0769076 0.0221211
9e-10 -0.280831 -0.0798543 0.0222333
9.1e-10 -0.276005 -0.0825535 0.0223486
9.2e-10 -0.271097 -0.0850031 0.0224686
9.3e-10 -0.266117 -0.0872006 0.0225939
9.4e-10 -0.261076 -0.0891434 0.0227237
9.5e-10 -0.255983 -0.0908286 0.0228564
9.6e-10 -0.250851 -0.0922535 0.02299
9.7e-10 -0.24569 -0.093416 0.0231228
9.8e-10 -0.240513 -0.094315 0.023254
9.9e-10 -0.235332 -0.0949509 0.0233832
1e-09 -0.230158 -0.0953258 0.0235107
1.01e-09 -0.225002 -0.0954432 0.0236371
1.02e-09 -0.219874 -0.0953079 0.0237628
1.03e-09 -0.214785 -0.094925 0.0238879
1.04e-09 -0.209746 -0.0942997 0.024012
1.05e-09 -0.204766 -0.0934366 0.0241346
1.06e-09 -0.199857 -0.09234 0.0242552
1.07e-09 -0.195029 -0.0910141 0.0243733
1.08e-09 -0.190293 -0.089463 0.0244884
1.09e-09 -0.185659 -0.0876919 0.0246006
1.1e-09 -0.181136 -0.0857067 0.0247097
1.11e-09 -0.176733 -0.0835149 0.0248158
1.12e-09 -0.172456 -0.0811246 0.0249185
1.13e-09 -0.168314 -0.0785449 0.0250178
1.14e-09 -0.164314 -0.0757851 0.0251131
1.15e-09 -0.160463 -0.0728542 0.0252042
1.16e-09 -0.156769 -0.0697613 0.0252908
1.17e-09 -0.153239 -0.0665149 0.0253728
1.18e-09 -0.14988 -0.0631235 0.0254502
1.19e-09 -0.146697 -0.0595957 0.0255234
1.2e-09 -0.143696 -0.0559403 0.0255922
1.21e-09 -0.140881 -0.0521666 0.0256569
1.22e-09 -0.138257 -0.0482846 0.0257174
1.23e-09 -0.135825 -0.0443045 0.0257732
1.24e-09 -0.133589 -0.0402369 0.0258242
1.25e-09 -0.131552 -0.0360922 0.02587
1.26e-09 -0.129715 -0.0318809 0.0259105
1.27e-09 -0.12808 -0.0276134 0.0259454
1.28e-09 -0.12665 -0.0232997 0.0259751
1.29e-09 -0.125426 -0.0189496 0.0259997
1.3e-09 -0.124407 -0.014573 0.0260195
1.31e-09 -0.123594 -0.0101794 0.0260348
1.32e-09 -0.122986 -0.00577851 0.0260456
1.33e-09 -0.122581 -0.00138008 0.0260519
1.34e-09 -0.122378 0.00300624 0.0260536
1.35e-09 -0.122374 0.00737078 0.0260506
1.36e-09 -0.122566 0.0117041 0.0260427
1.37e-09 -0.122952 0.0159967 0.0260299
1.38e-09 -0.123529 0.0202397 0.0260123
1.39e-09 -0.124292 0.0244243 0.0259902
1.4e-09 -0.125238 0.0285421 0.0259638
1.41e-09 -0.126363 0.0325849 0.0259333
1.42e-09 -0.127662 0.0365451 0.0258992
1.43e-09 -0.12913 0.040415 0.0258614
1.44e-09 -0.130761 0.0441874 0.0258202
1.45e-09 -0.132549 0.0478554 0.0257755
1.46e-09 -0.134488 0.0514122 0.0257275
1.47e-09 -0.136571 0.0548514 0.0256762
1.48e-09 -0.138792 0.0581669 0.0256216
1.49e-09 -0.141143 0.0613528 0.025564
1.5e-09 -0.143619 0.0644037 0.0255036
1.51e-09 -0.146212 0.0673147 0.0254405
1.52e-09 -0.148914 0.0700811 0.0253752
1.53e-09 -0.151719 0.0726987 0.0253078
1.54e-09 -0.154618 0.0751639 0.0252386
1.55e-09 -0.157604 0.0774732 0.0251677
1.56e-09 -0.160668 0.0796237 0.0250954
1.57e-09 -0.163802 0.0816127 0.0250218
1.58e-09 -0.166999 0.083438 0.0249469
1.59e-09 -0.17025 0.0850975 0.0248709
1.6e-09 -0.173548 0.0865898 0.0247941
1.61e-09 -0.176884 0.0879135 0.0247166
1.62e-09 -0.18025 0.089068 0.0246386
1.63e-09 -0.183639 0.0900528 0.0245604
1.64e-09 -0.187042 0.090868 0.0244821
1.65e-09 -0.190452 0.091514 0.0244041
1.66e-09 -0.193861 0.0919916 0.0243265
1.67e-09 -0.197262 0.092302 0.0242494
1.68e-09 -0.200646 0.0924467 0.024173
1.69e-09 -0.204007 0.0924275 0.0240976
1.7e-09 -0.207338 0.0922467 0.0240231
1.71e-09 -0.210631 0.0919067 0.0239498
1.72e-09 -0.213879 0.0914102 0.0238778
1.73e-09 -0.217077 0.0907604 0.0238072
1.74e-09 -0.220218 0.0899606 0.0237382
1.75e-09 -0.223296 0.0890146 0.023671
1.76e-09 -0.226304 0.0879263 0.0236058
1.77e-09 -0.229238 0.0866999 0.0235426
1.78e-09 -0.232092 0.0853401 0.0234816
1.79e-09 -0.23486 0.0838516 0.0234228
1.8e-09 -0.237539 0.0822393 0.0233665
1.81e-09 -0.240122 0.0805084 0.0233127
1.82e-09 -0.242607 0.0786643 0.0232613
1.83e-09 -0.244989 0.0767125 0.0232126
1.84e-09 -0.247264 0.0746586 0.0231666
1.85e-09 -0.249429 0.0725085 0.0231233
1.86e-09 -0.251481 0.070268 0.0230828
1.87e-09 -0.253417 0.0679433 0.0230452
1.88e-09 -0.255234 0.0655406 0.0230104
1.89e-09 -0.25693 0.063066 0.0229786
1.9e-09 -0.258504 0.0605259 0.0229498
1.91e-09 -0.259952 0.0579268 0.022924
1.92e-09 -0.261275 0.055275 0.0229012
1.93e-09 -0.262471 0.052577 0.0228813
1.94e-09 -0.263539 0.0498393 0.0228645
1.95e-09 -0.264478 0.0470682 0.0228505
1.96e-09 -0.265289 0.0442703 0.0228396
1.97e-09 -0.265971 0.041452 0.0228316
1.98e-09 -0.266525 0.0386195 0.0228264
1.99e-09 -0.26695 0.0357792 0.0228242
2e-09 -0.267249 0.0329374 0.0228249
2.01e-09 -0.267421 0.0301002 0.0228283
2.02e-09 -0.267469 0.0272736 0.0228346
2.03e-09 -0.267393 0.0244638 0.0228436
2.04e-09 -0.267196 0.0216765 0.0228552
2.05e-09 -0.266879 0.0189176 0.0228695
2.06e-09 -0.266445 0.0161926 0.0228864
2.07e-09 -0.265896 0.0135071 0.0229058
2.08e-09 -0.265235 0.0108663 0.0229276
2.09e-09 -0.264465 0.00827547 0.0229518
2.1e-09 -0.263588 0.00573959 0.0229784
2.11e-09 -0.262607 0.0032635 0.0230071
2.12e-09 -0.261527 0.000851831 0.023038
2.13e-09 -0.260351 -0.00149095 0.023071
2.14e-09 -0.259082 -0.00376057 0.023106
2.15e-09 -0.257724 -0.00595298 0.0231429
2.16e-09 -0.256281 -0.00806434 0.0231817
2.17e-09 -0.254758 -0.010091 0.0232221
2.18e-09 -0.253158 -0.0120296 0.0232642
2.19e-09 -0.251486 -0.013877 0.0233077
2.2e-09 -0.249746 -0.0156302 0.0233527
2.21e-09 -0.247944 -0.0172865 0.023399
2.22e-09 -0.246082 -0.0188435 0.0234466
2.23e-09 -0.244167 -0.020299 0.0234951
2.24e-09 -0.242203 -0.0216511 0.0235447
2.25e-09 -0.240195 -0.022898 0.0235952
2.26e-09 -0.238148 -0.0240382 0.0236464
2.27e-09 -0.236066 -0.0250707 0.0236982
2.28e-09 -0.233954 -0.0259945 0.0237505
2.29e-09 -0.231818 -0.0268088 0.0238033
2.3e-09 -0.229662 -0.0275132 0.0238563
2.31e-09 -0.227492 -0.0281075 0.0239095
2.32e-09 -0.225311 -0.0285919 0.0239627
2.33e-09 -0.223125 -0.0289665 0.0240159
2.34e-09 -0.22094 -0.029232 0.0240689
2.35e-09 -0.218758 -0.0293891 0.0241215
2.36e-09 -0.216586 -0.0294388 0.0241738
2.37e-09 -0.214428 -0.0293825 0.0242256
2.38e-09 -0.212289 -0.0292214 0.0242767
2.39e-09 -0.210172 -0.0289573 0.0243271
2.4e-09 -0.208083 -0.0285922 0.0243767
2.41e-09 -0.206025 -0.028128 0.0244254
2.42e-09 -0.204003 -0.027567 0.024473
2.43e-09 -0.202021 -0.0269118 0.0245195
2.44e-09 -0.200082 -0.026165 0.0245648
2.45e-09 -0.198191 -0.0253293 0.0246088
2.46e-09 -0.196351 -0.0244077 0.0246515
2.47e-09 -0.194565 -0.0234034 0.0246927
2.48e-09 -0.192837 -0.0223197 0.0247324
2.49e-09 -0.19117 -0.0211599 0.0247705
2.5e-09 -0.189566 -0.0199276 0.0248069
2.51e-09 -0.18803 -0.0186264 0.0248416
2.52e-09 -0.186562 -0.01726 0.0248746
2.53e-09 -0.185167 -0.0158324 0.0249057
2.54e-09 -0.183845 -0.0143474 0.024935
2.55e-09 -0.182599 -0.0128091 0.0249624
2.56e-09 -0.18143 -0.0112215 0.0249879
2.57e-09 -0.180341 -0.00958872 0.0250113
2.58e-09 -0.179333 -0.00791498 0.0250328
2.59e-09 -0.178407 -0.00620447 0.0250523
2.6e-09 -0.177565 -0.00446145 0.0250697
2.61e-09 -0.176806 -0.00269016 0.0250851
2.62e-09 -0.176131 -0.000894859 0.0250984
2.63e-09 -0.175542 0.000920182 0.0251097
2.64e-09 -0.175038 0.00275072 0.025119
2.65e-09 -0.17462 0.00459252 0.0251262
2.66e-09 -0.174287 0.00644139 0.0251313
2.67e-09 -0.174038 0.00829317 0.0251344
2.68e-09 -0.173875 0.0101437 0.0251356
2.69e-09 -0.173794 0.0119891 0.0251348
2.7e-09 -0.173797 0.0138251 0.025132
2.71e-09 -0.173882 0.015648 0.0251273
2.72e-09 -0.174047 0.0174539 0.0251207
2.73e-09 -0.174291 0.019239 0.0251123
2.74e-09 -0.174612 0.0209997 0.0251022
2.75e-09 -0.17501 0.0227324 0.0250902
2.76e-09 -0.175482 0.0244336 0.0250766
2.77e-09 -0.176026 0.0261001 0.0250614
2.78e-09 -0.176639 0.0277286 0.0250445
2.79e-09 -0.177321 0.029316 0.0250262
2.8e-09 -0.178067 0.0308593 0.0250064
2.81e-09 -0.178876 0.0323558 0.0249852
2.82e-09 -0.179746 0.0338027 0.0249626
2.83e-09 -0.180673 0.0351975 0.0249388
2.84e-09 -0.181654 0.0365378 0.0249139
2.85e-09 -0.182687 0.0378213 0.0248878
2.86e-09 -0.183769 0.039046 0.0248607
2.87e-09 -0.184896 0.0402099 0.0248326
2.88e-09 -0.186067 0.0413112 0.0248036
2.89e-09 -0.187276 0.0423484 0.0247738
2.9e-09 -0.188522 0.0433199 0.0247433
2.91e-09 -0.1898 0.0442245 0.0247122
2.92e-09 -0.191109 0.0450611 0.0246805
2.93e-09 -0.192443 0.0458286 0.0246483
2.94e-09 -0.193801 0.0465263 0.0246156
2.95e-09 -0.195179 0.0471536 0.0245827
2.96e-09 -0.196573 0.04771 0.0245495
2.97e-09 -0.19798 0.0481951 0.0245161
2.98e-09 -0.199397 0.0486088 0.0244826
2.99e-09 -0.20082 0.0489512 0.0244492
3e-09 -0.202247 0.0492224 0.0244157
3.01e-09 -0.203674 0.0494226 0.0243825
3.02e-09 -0.205098 0.0495525 0.0243494
3.03e-09 -0.206516 0.0496126 0.0243166
3.04e-09 -0.207925 0.0496036 0.0242841
3.05e-09 -0.209321 0.0495265 0.0242521
3.06e-09 -0.210703 0.0493823 0.0242205
3.07e-09 -0.212066 0.0491723 0.0241895
3.08e-09 -0.213409 0.0488976 0.0241591
3.09e-09 -0.214728 0.0485598 0.0241294
3.1e-09 -0.216022 0.0481604 0.0241004
3.11e-09 -0.217287 0.047701 0.0240722
3.12e-09 -0.218521 0.0471835 0.0240449
3.13e-09 -0.219723 0.0466098 0.0240184
3.14e-09 -0.220888 0.0459817 0.0239928
3.15e-09 -0.222017 0.0453014 0.0239682
3.16e-09 -0.223106 0.0445711 0.0239447
3.17e-09 -0.224154 0.043793 0.0239222
3.18e-09 -0.225158 0.0429693 0.0239007
3.19e-09 -0.226119 0.0421026 0.0238805
3.2e-09 -0.227033 0.0411952 0.0238613
3.21e-09 -0.227899 0.0402498 0.0238434
3.22e-09 -0.228717 0.0392687 0.0238266
3.23e-09 -0.229485 0.0382546 0.0238111
3.24e-09 -0.230202 0.0372103 0.0237968
3.25e-09 -0.230867 0.0361383 0.0237838
3.26e-09 -0.23148 0.0350413 0.023772
3.27e-09 -0.232039 0.0339221 0.0237615
3.28e-09 -0.232545 0.0327835 0.0237523
3.29e-09 -0.232996 0.031628 0.0237444
3.3e-09 -0.233393 0.0304586 0.0237378
3.31e-09 -0.233736 0.0292779 0.0237325
3.32e-09 -0.234024 0.0280887 0.0237284
3.33e-09 -0.234257 0.0268936 0.0237256
3.34e-09 -0.234436 0.0256954 0.0237241
3.35e-09 -0.234561 0.0244968 0.0237239
3.36e-09 -0.234633 0.0233003 0.0237248
3.37e-09 -0.234651 0.0221085 0.023727
3.38e-09 -0.234617 0.0209241 0.0237304
3.39e-09 -0.234532 0.0197494 0.023735
3.4e-09 -0.234395 0.018587 0.0237407
3.41e-09 -0.234209 0.0174392 0.0237475
3.42e-09 -0.233974 0.0163084 0.0237555
3.43e-09 -0.233692 0.0151969 0.0237645
3.44e-09 -0.233362 0.0141067 0.0237745
3.45e-09 -0.232988 0.0130401 0.0237856
3.46e-09 -0.23257 0.0119991 0.0237976
3.47e-09 -0.23211 0.0109856 0.0238106
3.48e-09 -0.231608 0.0100015 0.0238244
3.49e-09 -0.231068 0.00904863 0.0238391
3.5e-09 -0.23049 0.00812864 0.0238546
3.51e-09 -0.229877 0.00724314 0.0238709
3.52e-09 -0.229229 0.00639365 0.0238879
3.53e-09 -0.228549 0.00558157 0.0239056
3.54e-09 -0.227839 0.00480821 0.0239239
3.55e-09 -0.227101 0.00407478 0.0239428
3.56e-09 -0.226336 0.00338239 0.0239622
3.57e-09 -0.225547 0.00273204 0.0239822
3.58e-09 -0.224735 0.00212462 0.0240025
3.59e-09 -0.223903 0.00156093 0.0240233
3.6e-09 -0.223053 0.00104165 0.0240444
3.61e-09 -0.222187 0.000567372 0.0240658
3.62e-09 -0.221306 0.000138557 0.0240875
3.63e-09 -0.220414 -0.000244425 0.0241094
3.64e-09 -0.219512 -0.00058131 0.0241314
3.65e-09 -0.218601 -0.000871942 0.0241535
3.66e-09 -0.217686 -0.00111627 0.0241756
3.67e-09 -0.216766 -0.00131433 0.0241977
3.68e-09 -0.215845 -0.00146629 0.0242198
3.69e-09 -0.214924 -0.00157239 0.0242418
3.7e-09 -0.214006 -0.00163299 0.0242637
3.71e-09 -0.213093 -0.00164852 0.0242854
3.72e-09 -0.212185 -0.00161952 0.0243068
3.73e-09 -0.211286 -0.00154662 0.024328
3.74e-09 -0.210397 -0.00143054 0.0243488
3.75e-09 -0.209521 -0.00127209 0.0243693
3.76e-09 -0.208658 -0.00107214 0.0243894
3.77e-09 -0.20781 -0.000831681 0.024409
3.78e-09 -0.20698 -0.00055174 0.0244282
3.79e-09 -0.206168 -0.000233441 0.0244468
3.8e-09 -0.205377 0.000122028 0.0244649
3.81e-09 -0.204607 0.000513411 0.0244824
3.82e-09 -0.203861 0.000939389 0.0244994
3.83e-09 -0.20314 0.00139858 0.0245156
3.84e-09 -0.202444 0.00188956 0.0245312
3.85e-09 -0.201775 0.00241084 0.0245461
3.86e-09 -0.201135 0.00296088 0.0245603
3.87e-09 -0.200524 0.0035381 0.0245737
3.88e-09 -0.199943 0.00414089 0.0245864
3.89e-09 -0.199394 0.00476761 0.0245983
3.9e-09 -0.198876 0.00541655 0.0246094
3.91e-09 -0.198391 0.00608601 0.0246197
3.92e-09 -0.19794 0.00677426 0.0246291
3.93e-09 -0.197522 0.00747954 0.0246378
3.94e-09 -0.197139 0.00820008 0.0246455
3.95e-09 -0.196791 0.0089341 0.0246525
3.96e-09 -0.196478 0.00967981 0.0246586
3.97e-09 -0.196201 0.0104354 0.0246638
3.98e-09 -0.195959 0.0111992 0.0246682
3.99e-09 -0.195753 0.0119692 0.0246717
4e-09 -0.195583 0.0127439 0.0246744
4.01e-09 -0.195448 0.0135213 0.0246762
4.02e-09 -0.195349 0.0142997 0.0246772
4.03e-09 -0.195285 0.0150775 0.0246773
4.04e-09 -0.195256 0.0158529 0.0246767
4.05e-09 -0.195262 0.0166243 0.0246752
4.06e-09 -0.195302 0.0173899 0.024673
4.07e-09 -0.195375 0.0181483 0.0246699
4.08e-09 -0.195481 0.0188977 0.0246661
4.09e-09 -0.19562 0.0196368 0.0246616
4.1e-09 -0.19579 0.0203639 0.0246563
4.11e-09 -0.195992 0.0210777 0.0246504
4.12e-09 -0.196223 0.0217767 0.0246437
4.13e-09 -0.196483 0.0224597 0.0246364
4.14e-09 -0.196772 0.0231252 0.0246285
4.15e-09 -0.197087 0.0237721 0.02462
4.16e-09 -0.197429 0.0243992 0.0246109
4.17e-09 -0.197796 0.0250053 0.0246012
4.18e-09 -0.198187 0.0255894 0.024591
4.19e-09 -0.1986 0.0261505 0.0245804
4.2e-09 -0.199035 0.0266877 0.0245692
4.21e-09 -0.19949 0.0272 0.0245577
4.22e-09 -0.199965 0.0276867 0.0245457
4.23e-09 -0.200457 0.0281471 0.0245334
4.24e-09 -0.200965 0.0285804 0.0245208
4.25e-09 -0.201489 0.028986 0.0245078
4.26e-09 -0.202026 0.0293634 0.0244946
4.27e-09 -0.202575 0.0297122 0.0244811
4.28e-09 -0.203136 0.030032 0.0244675
4.29e-09 -0.203706 0.0303223 0.0244536
4.3e-09 -0.204285 0.030583 0.0244397
4.31e-09 -0.20487 0.0308139 0.0244256
4.32e-09 -0.20546 0.0310148 0.0244115
4.33e-09 -0.206055 0.0311857 0.0243973
4.34e-09 -0.206653 0.0313265 0.0243831
4.35e-09 -0.207251 0.0314375 0.024369
4.36e-09 -0.20785 0.0315186 0.0243549
4.37e-09 -0.208448 0.0315701 0.0243408
4.38e-09 -0.209043 0.0315923 0.024327
4.39e-09 -0.209634 0.0315856 0.0243132
4.4e-09 -0.21022 0.0315501 0.0242996
4.41e-09 -0.2108 0.0314866 0.0242863
4.42e-09 -0.211372 0.0313953 0.0242731
4.43e-09 -0.211936 0.031277 0.0242602
4.44e-09 -0.212489 0.0311321 0.0242476
4.45e-09 -0.213032 0.0309614 0.0242354
4.46e-09 -0.213563 0.0307655 0.0242234
4.47e-09 -0.214081 0.0305452 0.0242118
4.48e-09 -0.214585 0.0303014 0.0242005
4.49e-09 -0.215074 0.0300348 0.0241897
4.5e-09 -0.215547 0.0297463 0.0241792
4.51e-09 -0.216004 0.0294368 0.0241692
4.52e-09 -0.216443 0.0291073 0.0241596
4.53e-09 -0.216864 0.0287588 0.0241505
4.54e-09 -0.217267 0.0283922 0.0241419
4.55e-09 -0.21765 0.0280086 0.0241337
4.56e-09 -0.218013 0.0276091 0.0241261
4.57e-09 -0.218356 0.0271947 0.0241189
4.58e-09 -0.218677 0.0267666 0.0241123
4.59e-09 -0.218977 0.0263258 0.0241062
4.6e-09 -0.219256 0.0258735 0.0241006
4.61e-09 -0.219512 0.0254108 0.0240956
4.62e-09 -0.219745 0.0249389 0.0240911
4.63e-09 -0.219956 0.0244589 0.0240872
4.64e-09 -0.220144 0.023972 0.0240838
4.65e-09 -0.220309 0.0234794 0.0240809
4.66e-09 -0.220452 0.0229821 0.0240786
4.67e-09 -0.220571 0.0224814 0.0240769
4.68e-09 -0.220667 0.0219783 0.0240756
4.69e-09 -0.22074 0.0214741 0.024075
4.7e-09 -0.22079 0.0209698 0.0240748
4.71e-09 -0.220818 0.0204666 0.0240752
4.72e-09 -0.220824 0.0199655 0.0240761
4.73e-09 -0.220807 0.0194676 0.0240775
4.74e-09 -0.220769 0.0189739 0.0240794
4.75e-09 -0.220709 0.0184856 0.0240818
4.76e-09 -0.220628 0.0180036 0.0240846
4.77e-09 -0.220527 0.0175288 0.024088
4.78e-09 -0.220405 0.0170623 0.0240917
4.79e-09 -0.220264 0.0166049 0.024096
4.8e-09 -0.220104 0.0161575 0.0241006
4.81e-09 -0.219926 0.015721 0.0241057
4.82e-09 -0.21973 0.0152962 0.0241111
4.83e-09 -0.219516 0.0148839 0.024117
4.84e-09 -0.219287 0.0144849 0.0241231
4.85e-09 -0.219041 0.0140998 0.0241297
4.86e-09 -0.218781 0.0137293 0.0241365
4.87e-09 -0.218506 0.013374 0.0241437
4.88e-09 -0.218218 0.0130346 0.0241511
4.89e-09 -0.217917 0.0127115 0.0241588
4.9e-09 -0.217604 0.0124053 0.0241668
4.91e-09 -0.217281 0.0121164 0.024175
4.92e-09 -0.216947 0.0118453 0.0241833
4.93e-09 -0.216604 0.0115923 0.0241919
4.94e-09 -0.216252 0.0113577 0.0242006
4.95e-09 -0.215893 0.0111419 0.0242095
4.96e-09 -0.215527 0.010945 0.0242185
4.97e-09 -0.215156 0.0107672 0.0242276
4.98e-09 -0.214779 0.0106087 0.0242367
4.99e-09 -0.214399 0.0104697 0.0242459
5e-09 -0.214015 0.0103501 0.0242552
