1.01e-15 1.02346e-06 -2.87388e-07 1
1.111e-14 1.12589e-05 -3.15722e-06 1
1.1211e-13 0.000113706 -3.14504e-05 1
1.0305e-12 0.00105209 -0.00025479 0.999999
2.81173e-12 0.00289561 -0.000512419 0.999996
4.9845e-12 0.00515041 -0.000512315 0.999987
7.64546e-12 0.00784866 -4.96093e-05 0.999969
1.07169e-11 0.0107636 0.00108495 0.999941
1.42173e-11 0.0136676 0.0030803 0.999902
1.81176e-11 0.0161898 0.00602158 0.999851
2.24077e-11 0.0179072 0.00985499 0.999791
2.68541e-11 0.0183965 0.0141156 0.999731
3.15309e-11 0.0174882 0.0184615 0.999677
3.63858e-11 0.0151541 0.0223484 0.999635
4.14718e-11 0.0115267 0.0252872 0.999614
4.68474e-11 0.00691768 0.0267817 0.999617
5.21348e-11 0.00224434 0.0264964 0.999646
5.75441e-11 -0.00201792 0.0245072 0.999698
6.30352e-11 -0.00521733 0.0210816 0.999764
6.87508e-11 -0.00689264 0.0165986 0.999838
7.44098e-11 -0.0066975 0.0119533 0.999906
8.00826e-11 -0.00474929 0.00781616 0.999958
8.583e-11 -0.00136151 0.00478771 0.999988
9.17683e-11 0.0030079 0.00334501 0.99999
9.75936e-11 0.00741461 0.0037624 0.999965
1.03436e-10 0.0112251 0.00586572 0.99992
1.0935e-10 0.0138505 0.00929459 0.999861
1.15486e-10 0.0148516 0.0135667 0.999798
1.21412e-10 0.0140524 0.0176442 0.999746
1.27412e-10 0.0116831 0.0210165 0.999711
1.33482e-10 0.00816716 0.0230975 0.9997
1.39707e-10 0.00408597 0.0235176 0.999715
1.45726e-10 0.000404835 0.0222667 0.999752
1.5184e-10 -0.00241608 0.0196189 0.999805
1.58061e-10 -0.00385917 0.016045 0.999864
1.64296e-10 -0.00365556 0.0122666 0.999918
1.70433e-10 -0.00194325 0.00904522 0.999957
1.76668e-10 0.000951063 0.00685594 0.999976
1.83101e-10 0.00453986 0.0061189 0.999971
1.89321e-10 0.0079083 0.00695063 0.999945
1.95608e-10 0.0105745 0.00911317 0.999903
2.01989e-10 0.01204 0.0121917 0.999853
2.08457e-10 0.0120163 0.0155728 0.999807
2.14769e-10 0.0105937 0.0184735 0.999773
2.21196e-10 0.00806524 0.0204659 0.999758
2.2781e-10 0.00489695 0.0211389 0.999765
2.34236e-10 0.00191178 0.0203805 0.99979
2.40705e-10 -0.000405344 0.0184219 0.99983
2.47282e-10 -0.00161015 0.0156557 0.999876
2.53936e-10 -0.00144882 0.0126752 0.999919
2.60438e-10 -3.99363e-05 0.0101935 0.999948
2.67068e-10 0.00231962 0.008603 0.99996
2.73925e-10 0.00517383 0.00826077 0.999952
2.80506e-10 0.00770726 0.00919378 0.999928
2.87207e-10 0.00954137 0.0111574 0.999892
2.94043e-10 0.0102707 0.0137343 0.999853
3.0082e-10 0.00974892 0.0162765 0.99982
3.07554e-10 0.0081693 0.0182417 0.9998
3.14437e-10 0.005866 0.0192577 0.999797
3.21395e-10 0.00338647 0.019082 0.999812
3.28184e-10 0.00136954 0.017835 0.99984
3.35119e-10 0.000163374 0.0157997 0.999875
3.42296e-10 6.95311e-05 0.0134121 0.99991
3.4917e-10 0.0010516 0.011402 0.999934
3.56206e-10 0.0028614 0.0100889 0.999945
3.63432e-10 0.0050839 0.00980592 0.999939
3.70443e-10 0.00706114 0.0105811 0.999919
3.77537e-10 0.00841515 0.0121832 0.99989
3.84817e-10 0.00882574 0.014243 0.99986
3.91976e-10 0.0082097 0.0161627 0.999836
3.99144e-10 0.00677721 0.0175161 0.999824
4.06507e-10 0.00486262 0.017998 0.999826
4.13791e-10 0.00302468 0.0174934 0.999842
4.21034e-10 0.00170732 0.0161946 0.999867
4.28472e-10 0.00120126 0.0144128 0.999895
4.35894e-10 0.00163911 0.0126641 0.999918
4.43233e-10 0.00284223 0.0114081 0.999931
4.50782e-10 0.00451622 0.0109198 0.99993
4.58307e-10 0.00616002 0.0113321 0.999917
4.65748e-10 0.00733153 0.0124716 0.999895
4.73405e-10 0.00776693 0.0140514 0.999871
4.81046e-10 0.00734409 0.015588 0.999852
4.88605e-10 0.00623878 0.0166561 0.999842
4.96401e-10 0.00473526 0.0170065 0.999844
5.04125e-10 0.00331877 0.0165429 0.999858
5.11804e-10 0.00237382 0.0154509 0.999878
5.19732e-10 0.00213522 0.0140195 0.999899
5.27547e-10 0.00266248 0.0127294 0.999915
5.35369e-10 0.00375755 0.0119252 0.999922
5.43476e-10 0.0051233 0.011824 0.999917
5.51351e-10 0.00626833 0.0124313 0.999903
5.59337e-10 0.00691062 0.0135376 0.999884
5.67641e-10 0.00685091 0.0148292 0.999867
5.756e-10 0.00615194 0.0158132 0.999856
5.83796e-10 0.00503197 0.016268 0.999855
5.92149e-10 0.00385738 0.0160353 0.999864
6.00236e-10 0.00304954 0.0152468 0.999879
6.08616e-10 0.00280247 0.0141374 0.999896
6.16967e-10 0.00319936 0.0131101 0.999909
6.25239e-10 0.00406409 0.0124952 0.999914
6.3385e-10 0.00513627 0.0124682 0.999909
6.42197e-10 0.00598719 0.0130146 0.999897
6.50695e-10 0.00638436 0.0139326 0.999883
6.59492e-10 0.00618558 0.0149174 0.99987
6.67924e-10 0.00551063 0.015567 0.999864
6.76719e-10 0.00457506 0.0157191 0.999866
6.85405e-10 0.00375733 0.0153211 0.999876
6.94071e-10 0.00332844 0.0145512 0.999889
7.03146e-10 0.00343097 0.0136626 0.999901
7.1183e-10 0.0039913 0.0130476 0.999907
7.20828e-10 0.0048086 0.0128727 0.999906
7.2983e-10 0.00554882 0.0132047 0.999897
7.38717e-10 0.00593566 0.0138792 0.999886
7.48053e-10 0.00584155 0.0146643 0.999875
7.56998e-10 0.00533376 0.0151969 0.99987
7.66266e-10 0.00460574 0.0153214 0.999872
7.75517e-10 0.00397225 0.0149907 0.99988
7.84684e-10 0.00367814 0.0143701 0.99989
7.94367e-10 0.00383083 0.0136854 0.999899
8.03545e-10 0.00432915 0.0132753 0.999903
8.13196e-10 0.00498523 0.0132574 0.9999
8.22621e-10 0.00548246 0.0136299 0.999892
8.32167e-10 0.0056399 0.0142185 0.999883
8.41985e-10 0.00539355 0.014772 0.999876
8.51492e-10 0.00488731 0.0150311 0.999875
8.61602e-10 0.00431717 0.0149061 0.99988
8.71184e-10 0.00398708 0.0144833 0.999887
8.81258e-10 0.00400198 0.013939 0.999895
8.91105e-10 0.00434456 0.0135541 0.999899
9.01119e-10 0.00484563 0.0134805 0.999897
9.11273e-10 0.00526529 0.0137452 0.999892
9.21257e-10 0.00540504 0.0141959 0.999885
9.31794e-10 0.0052093 0.0146343 0.999879
9.41814e-10 0.00480721 0.0148179 0.999879
9.52591e-10 0.00437024 0.0146819 0.999883
9.62724e-10 0.00415815 0.0143233 0.999889
9.73528e-10 0.00424355 0.0139043 0.999894
9.83884e-10 0.00456475 0.013672 0.999896
9.947e-10 0.00496076 0.0137187 0.999894
1.00527e-09 0.00520381 0.014006 0.999888
1.0161e-09 0.00518532 0.0143773 0.999883
1.02692e-09 0.00492616 0.014624 0.999881
1.03781e-09 0.00457854 0.0146233 0.999883
1.04883e-09 0.00433586 0.0143872 0.999887
1.05981e-09 0.00432727 0.0140621 0.999892
1.07105e-09 0.00454663 0.0138285 0.999894
1.08215e-09 0.00485148 0.0138187 0.999893
1.09357e-09 0.0050704 0.0140263 0.999889
1.1048e-09 0.00507502 0.0143124 0.999885
1.1164e-09 0.00487425 0.0145129 0.999883
1.12782e-09 0.0046054 0.0145066 0.999884
1.13955e-09 0.00442751 0.0143096 0.999888
1.15115e-09 0.00444906 0.0140577 0.999891
1.16302e-09 0.00464496 0.0139053 0.999893
1.17487e-09 0.00487965 0.0139461 0.999891
1.18682e-09 0.00500277 0.0141414 0.999887
1.19895e-09 0.00493997 0.0143572 0.999885
1.21101e-09 0.00474553 0.0144482 0.999884
1.22351e-09 0.00455137 0.0143605 0.999887
1.23564e-09 0.0044962 0.0141694 0.99989
1.24861e-09 0.00461088 0.0140018 0.999891
1.26085e-09 0.00479465 0.0139863 0.999891
1.27394e-09 0.0049251 0.0141218 0.999888
1.28644e-09 0.00490221 0.0142931 0.999886
1.2995e-09 0.00475432 0.0143818 0.999885
1.31245e-09 0.00460181 0.0143222 0.999887
1.32545e-09 0.0045573 0.014171 0.999889
1.33901e-09 0.00465165 0.0140459 0.999891
1.35205e-09 0.00479622 0.0140474 0.99989
1.3658e-09 0.00488064 0.0141655 0.999888
1.37915e-09 0.0048367 0.0142932 0.999886
1.39284e-09 0.00471 0.0143311 0.999886
1.40688e-09 0.0046098 0.0142494 0.999888
1.42052e-09 0.00462005 0.0141297 0.999889
1.43482e-09 0.00472491 0.0140717 0.99989
1.44886e-09 0.00482409 0.0141247 0.999889
1.46305e-09 0.00483374 0.0142326 0.999887
1.47793e-09 0.00474722 0.014297 0.999887
1.49219e-09 0.00465555 0.0142599 0.999887
1.50693e-09 0.00463925 0.0141642 0.999889
1.5221e-09 0.00471243 0.0141038 0.999889
1.5368e-09 0.00479462 0.0141347 0.999889
1.55197e-09 0.0048086 0.0142195 0.999887
1.56753e-09 0.00474228 0.0142705 0.999887
1.58267e-09 0.00467151 0.0142387 0.999888
1.59824e-09 0.00466618 0.0141632 0.999889
1.61441e-09 0.00473038 0.0141258 0.999889
1.63e-09 0.00478718 0.0141636 0.999888
1.64599e-09 0.00477893 0.0142294 0.999887
1.66243e-09 0.00471752 0.014249 0.999887
1.67873e-09 0.00467707 0.0142038 0.999888
1.69507e-09 0.00470031 0.0141511 0.999889
1.71174e-09 0.00475591 0.0141512 0.999889
1.72914e-09 0.00477585 0.014202 0.999888
1.74588e-09 0.00473916 0.014236 0.999887
1.76305e-09 0.00469548 0.0142152 0.999888
1.78036e-09 0.00469923 0.0141693 0.999889
1.79846e-09 0.00474306 0.0141582 0.999889
1.81605e-09 0.00476543 0.0141934 0.999888
1.83392e-09 0.00474046 0.0142245 0.999888
1.8519e-09 0.00470506 0.0142111 0.999888
1.87035e-09 0.00470754 0.0141746 0.999888
1.88935e-09 0.00474216 0.0141679 0.999888
1.90799e-09 0.00475617 0.0141975 0.999888
1.92688e-09 0.00473233 0.0142175 0.999888
1.94585e-09 0.00470849 0.0142002 0.999888
1.96513e-09 0.00471933 0.0141743 0.999888
1.98487e-09 0.00474579 0.0141794 0.999888
2.00523e-09 0.00474519 0.0142054 0.999888
2.02538e-09 0.00472122 0.0142085 0.999888
2.04583e-09 0.00471485 0.0141864 0.999888
2.06624e-09 0.00473449 0.0141776 0.999888
2.08691e-09 0.00474528 0.014195 0.999888
2.10769e-09 0.0047303 0.014207 0.999888
2.12878e-09 0.00471739 0.0141941 0.999888
2.15008e-09 0.00472843 0.0141809 0.999888
2.17176e-09 0.00474171 0.0141905 0.999888
2.19374e-09 0.00473325 0.0142034 0.999888
2.21612e-09 0.00472075 0.0141957 0.999888
2.2388e-09 0.00472805 0.0141839 0.999888
2.26187e-09 0.00473907 0.0141911 0.999888
2.2852e-09 0.00473188 0.0142011 0.999888
2.30884e-09 0.00472283 0.0141938 0.999888
2.33269e-09 0.00473039 0.0141858 0.999888
2.3568e-09 0.00473713 0.0141936 0.999888
2.38109e-09 0.00472919 0.0141991 0.999888
2.40565e-09 0.00472499 0.0141911 0.999888
2.4304e-09 0.004733 0.0141882 0.999888
2.4555e-09 0.00473449 0.0141961 0.999888
2.48087e-09 0.00472698 0.0141962 0.999888
2.50675e-09 0.00472831 0.0141892 0.999888
2.53313e-09 0.00473439 0.0141919 0.999888
2.56042e-09 0.00473035 0.0141968 0.999888
2.58776e-09 0.00472717 0.0141919 0.999888
2.61509e-09 0.00473242 0.0141904 0.999888
2.64275e-09 0.00473219 0.0141955 0.999888
2.67083e-09 0.00472777 0.0141937 0.999888
2.69985e-09 0.00473085 0.0141905 0.999888
2.72927e-09 0.00473249 0.0141943 0.999888
2.75838e-09 0.00472864 0.0141943 0.999888
2.78818e-09 0.00473017 0.014191 0.999888
2.8188e-09 0.00473225 0.0141936 0.999888
2.84973e-09 0.00472919 0.0141942 0.999888
2.88057e-09 0.00473011 0.0141915 0.999888
2.91242e-09 0.00473186 0.0141935 0.999888
2.94514e-09 0.00472943 0.0141938 0.999888
2.97727e-09 0.00473034 0.0141918 0.999888
3.01085e-09 0.00473144 0.0141936 0.999888
3.04477e-09 0.00472957 0.0141934 0.999888
3.07867e-09 0.00473066 0.0141921 0.999888
3.11456e-09 0.00473097 0.0141936 0.999888
3.14944e-09 0.00472976 0.014193 0.999888
3.18617e-09 0.00473089 0.0141925 0.999888
3.22314e-09 0.00473055 0.0141936 0.999888
3.26061e-09 0.00473008 0.0141927 0.999888
3.30009e-09 0.00473086 0.0141929 0.999888
3.33881e-09 0.00473031 0.0141933 0.999888
3.38139e-09 0.00473037 0.0141928 0.999888
3.42183e-09 0.00473068 0.0141931 0.999888
3.46684e-09 0.00473035 0.0141931 0.999888
3.51049e-09 0.00473045 0.0141929 0.999888
3.55735e-09 0.00473058 0.014193 0.999888
3.60719e-09 0.00473046 0.0141931 0.999888
3.65711e-09 0.00473036 0.014193 0.999888
3.70813e-09 0.00473047 0.0141929 0.999888
3.75946e-09 0.00473065 0.014193 0.999888
3.8107e-09 0.00473054 0.0141932 0.999888
3.86132e-09 0.00473025 0.0141931 0.999888
3.91028e-09 0.0047304 0.0141928 0.999888
3.95854e-09 0.00473068 0.014193 0.999888
4.00742e-09 0.00473049 0.0141932 0.999888
4.05719e-09 0.00473027 0.014193 0.999888
4.1069e-09 0.00473045 0.0141928 0.999888
4.15674e-09 0.00473069 0.014193 0.999888
4.20643e-09 0.00473051 0.0141932 0.999888
4.25616e-09 0.00473025 0.014193 0.999888
4.30571e-09 0.00473044 0.0141928 0.999888
4.35509e-09 0.0047307 0.014193 0.999888
4.40448e-09 0.00473049 0.0141932 0.999888
4.45377e-09 0.00473026 0.014193 0.999888
4.5029e-09 0.00473048 0.0141928 0.999888
4.55203e-09 0.00473068 0.014193 0.999888
4.60101e-09 0.00473045 0.0141932 0.999888
4.65006e-09 0.00473029 0.014193 0.999888
4.69903e-09 0.00473052 0.0141928 0.999888
4.74815e-09 0.00473064 0.0141931 0.999888
4.79728e-09 0.00473042 0.0141932 0.999888
4.84661e-09 0.00473033 0.014193 0.999888
4.89595e-09 0.00473054 0.0141929 0.999888
4.94546e-09 0.00473062 0.0141931 0.999888
4.99494e-09 0.00473041 0.0141932 0.999888
5.04451e-09 0.00473033 0.0141929 0.999888
5.09399e-09 0.00473055 0.0141929 0.999888
5.14353e-09 0.00473062 0.0141931 0.999888
5.19297e-09 0.0047304 0.0141932 0.999888
5.24246e-09 0.00473033 0.0141929 0.999888
5.29187e-09 0.00473056 0.0141929 0.999888
5.34135e-09 0.00473061 0.0141931 0.999888
5.39076e-09 0.00473039 0.0141931 0.999888
5.44026e-09 0.00473034 0.0141929 0.999888
5.48968e-09 0.00473057 0.0141929 0.999888
5.5392e-09 0.0047306 0.0141931 0.999888
5.58864e-09 0.00473038 0.0141931 0.999888
5.63816e-09 0.00473035 0.0141929 0.999888
5.68761e-09 0.00473057 0.0141929 0.999888
5.73714e-09 0.0047306 0.0141931 0.999888
5.78659e-09 0.00473037 0.0141931 0.999888
5.83612e-09 0.00473035 0.0141929 0.999888
5.88557e-09 0.00473058 0.0141929 0.999888
5.9351e-09 0.00473059 0.0141931 0.999888
5.98456e-09 0.00473037 0.0141931 0.999888
6.03409e-09 0.00473036 0.0141929 0.999888
6.08355e-09 0.00473059 0.0141929 0.999888
6.13309e-09 0.00473059 0.0141931 0.999888
6.18256e-09 0.00473036 0.0141931 0.999888
6.2321e-09 0.00473037 0.0141929 0.999888
6.28157e-09 0.00473059 0.0141929 0.999888
6.33111e-09 0.00473058 0.0141931 0.999888
6.38059e-09 0.00473035 0.0141931 0.999888
6.43013e-09 0.00473037 0.0141929 0.999888
6.47961e-09 0.0047306 0.0141929 0.999888
6.52916e-09 0.00473058 0.0141931 0.999888
6.57864e-09 0.00473034 0.0141931 0.999888
6.62819e-09 0.00473038 0.0141929 0.999888
6.67767e-09 0.00473061 0.0141929 0.999888
6.72722e-09 0.00473057 0.0141931 0.999888
6.7767e-09 0.00473034 0.0141931 0.999888
6.82626e-09 0.00473038 0.0141929 0.999888
6.87575e-09 0.00473062 0.0141929 0.999888
6.9253e-09 0.00473057 0.0141932 0.999888
6.97479e-09 0.00473033 0.0141931 0.999888
7.02435e-09 0.00473039 0.0141929 0.999888
7.07384e-09 0.00473062 0.0141929 0.999888
7.12341e-09 0.00473056 0.0141932 0.999888
7.1729e-09 0.00473032 0.0141931 0.999888
7.22246e-09 0.00473039 0.0141929 0.999888
7.27196e-09 0.00473063 0.0141929 0.999888
7.32152e-09 0.00473055 0.0141932 0.999888
7.37102e-09 0.00473032 0.0141931 0.999888
7.42059e-09 0.0047304 0.0141929 0.999888
7.47009e-09 0.00473064 0.0141929 0.999888
7.51966e-09 0.00473055 0.0141932 0.999888
7.56916e-09 0.00473031 0.0141931 0.999888
7.61873e-09 0.0047304 0.0141928 0.999888
7.66823e-09 0.00473064 0.0141929 0.999888
7.7178e-09 0.00473054 0.0141932 0.999888
7.76731e-09 0.0047303 0.0141931 0.999888
7.81688e-09 0.00473041 0.0141928 0.999888
7.86639e-09 0.00473065 0.0141929 0.999888
7.91597e-09 0.00473054 0.0141932 0.999888
7.96548e-09 0.0047303 0.0141931 0.999888
8.01505e-09 0.00473041 0.0141928 0.999888
8.06456e-09 0.00473066 0.014193 0.999888
8.11414e-09 0.00473053 0.0141932 0.999888
8.16365e-09 0.00473029 0.0141931 0.999888
8.21323e-09 0.00473042 0.0141928 0.999888
8.26275e-09 0.00473066 0.014193 0.999888
8.31233e-09 0.00473053 0.0141932 0.999888
8.36185e-09 0.00473028 0.0141931 0.999888
8.41142e-09 0.00473042 0.0141928 0.999888
8.46094e-09 0.00473067 0.014193 0.999888
8.51053e-09 0.00473052 0.0141932 0.999888
8.56005e-09 0.00473028 0.0141931 0.999888
8.60963e-09 0.00473043 0.0141928 0.999888
8.65915e-09 0.00473068 0.014193 0.999888
8.70874e-09 0.00473052 0.0141932 0.999888
8.75826e-09 0.00473027 0.0141931 0.999888
8.80785e-09 0.00473044 0.0141928 0.999888
8.85737e-09 0.00473069 0.014193 0.999888
8.90696e-09 0.00473051 0.0141932 0.999888
8.95649e-09 0.00473026 0.014193 0.999888
9.00607e-09 0.00473044 0.0141928 0.999888
9.0556e-09 0.00473069 0.014193 0.999888
9.10519e-09 0.0047305 0.0141932 0.999888
9.15472e-09 0.00473025 0.014193 0.999888
9.20419e-09 0.00473045 0.0141928 0.999888
9.25363e-09 0.0047307 0.014193 0.999888
9.30289e-09 0.00473049 0.0141932 0.999888
9.35215e-09 0.00473026 0.014193 0.999888
9.40123e-09 0.00473048 0.0141928 0.999888
9.45035e-09 0.00473067 0.014193 0.999888
9.49933e-09 0.00473044 0.0141932 0.999888
9.54842e-09 0.0047303 0.014193 0.999888
9.59745e-09 0.00473052 0.0141928 0.999888
9.64666e-09 0.00473063 0.0141931 0.999888
9.69587e-09 0.00473042 0.0141932 0.999888
9.74528e-09 0.00473033 0.014193 0.999888
9.79468e-09 0.00473054 0.0141929 0.999888
9.84421e-09 0.00473062 0.0141931 0.999888
9.89369e-09 0.00473041 0.0141932 0.999888
9.94325e-09 0.00473033 0.0141929 0.999888
9.99271e-09 0.00473055 0.0141929 0.999888
1.00422e-08 0.00473062 0.0141931 0.999888
