#t                         m_x                       m_y                       m_z                   
+4.999999980020986e-12    +7.869491577148438e-01    -8.897161111235619e-03    -2.927663445007056e-04
+9.999999960041972e-12    +7.864296436309814e-01    -1.770012453198433e-02    -1.002622651867568e-03
+1.499999950638209e-11    +7.854403853416443e-01    -2.607807703316212e-02    -2.132836263626814e-03
+1.999999992008394e-11    +7.839459180831909e-01    -3.367969766259193e-02    -3.664150601252913e-03
+2.500000033378580e-11    +7.821159362792969e-01    -4.017183929681778e-02    -5.545684136450291e-03
+2.999999901276418e-11    +7.803534269332886e-01    -4.528475180268288e-02    -7.700027897953987e-03
+3.499999942646603e-11    +7.791579365730286e-01    -4.883339628577232e-02    -1.003803126513958e-02
+3.999999984016789e-11    +7.788865566253662e-01    -5.069997906684875e-02    -1.247917953878641e-02
+4.500000025386974e-11    +7.795996069908142e-01    -5.079897493124008e-02    -1.495704241096973e-02
+5.000000066757160e-11    +7.810162901878357e-01    -4.906378686428070e-02    -1.741977222263813e-02
+5.500000108127345e-11    +7.826886177062988e-01    -4.545583948493004e-02    -1.981677487492561e-02
+5.999999802552836e-11    +7.841744422912598e-01    -3.998697549104691e-02    -2.208108082413673e-02
+6.499999843923021e-11    +7.851856946945190e-01    -3.274129703640938e-02    -2.413227222859859e-02
+6.999999885293207e-11    +7.856670022010803e-01    -2.388800121843815e-02    -2.588210627436638e-02
+7.499999926663392e-11    +7.857156991958618e-01    -1.366747450083494e-02    -2.725120261311531e-02
+7.999999968033578e-11    +7.854397892951965e-01    -2.365551888942719e-03    -2.817230485379696e-02
+8.500000009403763e-11    +7.849290370941162e-01    +9.696247056126595e-03    -2.859041094779968e-02
+9.000000050773949e-11    +7.841801643371582e-01    +2.216690778732300e-02    -2.846263721585274e-02
+9.500000092144134e-11    +7.829943299293518e-01    +3.466058149933815e-02    -2.776736021041870e-02
+1.000000013351432e-10    +7.810903191566467e-01    +4.675463959574699e-02    -2.651063725352287e-02
+1.050000017488451e-10    +7.784322500228882e-01    +5.802851915359497e-02    -2.473186142742634e-02
+1.100000021625469e-10    +7.754981517791748e-01    +6.813574582338333e-02    -2.250877395272255e-02
+1.150000025762488e-10    +7.731590867042542e-01    +7.682376354932785e-02    -1.993476040661335e-02
+1.199999960510567e-10    +7.722274661064148e-01    +8.387134969234467e-02    -1.708765141665936e-02
+1.249999964647586e-10    +7.730082273483276e-01    +8.903180062770844e-02    -1.403790246695280e-02
+1.299999968784604e-10    +7.750499844551086e-01    +9.202820062637329e-02    -1.085632387548685e-02
+1.349999972921623e-10    +7.773080468177795e-01    +9.261040389537811e-02    -7.626346778124571e-03
+1.399999977058641e-10    +7.787485718727112e-01    +9.063576161861420e-02    -4.448691383004189e-03
+1.449999981195660e-10    +7.789478898048401e-01    +8.613102138042450e-02    -1.429615076631308e-03
+1.499999985332678e-10    +7.783677577972412e-01    +7.930981367826462e-02    +1.330974162556231e-03
+1.549999989469697e-10    +7.780973911285400e-01    +7.051517814397812e-02    +3.757822094485164e-03
+1.599999993606716e-10    +7.789964079856873e-01    +6.008496508002281e-02    +5.832578055560589e-03
+1.649999997743734e-10    +7.808573246002197e-01    +4.823097959160805e-02    +7.569067180156708e-03
+1.700000001880753e-10    +7.824298739433289e-01    +3.509822487831116e-02    +8.925181813538074e-03
+1.750000006017771e-10    +7.822901010513306e-01    +2.093779295682907e-02    +9.778151288628578e-03
+1.800000010154790e-10    +7.798032164573669e-01    +6.183071527630091e-03    +1.000423543155193e-02
+1.850000014291808e-10    +7.755486369132996e-01    -8.669385686516762e-03    +9.561280719935894e-03
+1.900000018428827e-10    +7.710797786712646e-01    -2.326728776097298e-02    +8.496093563735485e-03
+1.950000022565845e-10    +7.680091857910156e-01    -3.743337839841843e-02    +6.885082460939884e-03
+2.000000026702864e-10    +7.672375440597534e-01    -5.097764357924461e-02    +4.791598767042160e-03
+2.050000030839882e-10    +7.686479091644287e-01    -6.360954791307449e-02    +2.295633545145392e-03
+2.100000034976901e-10    +7.711340188980103e-01    -7.490386068820953e-02    -5.037707742303610e-04
+2.150000039113920e-10    +7.731109857559204e-01    -8.430669456720352e-02    -3.505753353238106e-03
+2.200000043250938e-10    +7.734491229057312e-01    -9.128236770629883e-02    -6.578544154763222e-03
+2.250000047387957e-10    +7.721248865127563e-01    -9.552958607673645e-02    -9.528482332825661e-03
+2.300000051524975e-10    +7.700639963150024e-01    -9.716776758432388e-02    -1.215294003486633e-02
+2.349999916884116e-10    +7.683680653572083e-01    -9.679362922906876e-02    -1.432634517550468e-02
+2.399999921021134e-10    +7.676935195922852e-01    -9.532778710126877e-02    -1.609100028872490e-02
+2.449999925158153e-10    +7.680001258850098e-01    -9.360281378030777e-02    -1.770969666540623e-02
+2.499999929295171e-10    +7.685431838035583e-01    -9.188708662986755e-02    -1.961495913565159e-02
+2.549999933432190e-10    +7.680867314338684e-01    -8.963334560394287e-02    -2.221640758216381e-02
+2.599999937569208e-10    +7.653661370277405e-01    -8.565162122249603e-02    -2.557373233139515e-02
+2.649999941706227e-10    +7.599204182624817e-01    -7.877255231142044e-02    -2.928894199430943e-02
+2.699999945843246e-10    +7.532194852828979e-01    -6.856460869312286e-02    -3.273516893386841e-02
+2.749999949980264e-10    +7.485796809196472e-01    -5.541803315281868e-02    -3.544576466083527e-02
+2.799999954117283e-10    +7.492885589599609e-01    -4.006958007812500e-02    -3.733731433749199e-02
+2.849999958254301e-10    +7.557903528213501e-01    -2.314872853457928e-02    -3.867509961128235e-02
+2.899999962391320e-10    +7.647485733032227e-01    -5.015391856431961e-03    -3.989017754793167e-02
+2.949999966528338e-10    +7.712827324867249e-01    +1.414061151444912e-02    -4.130030795931816e-02
+2.999999970665357e-10    +7.721198201179504e-01    +3.394627198576927e-02    -4.299600794911385e-02
+3.049999974802375e-10    +7.668513655662537e-01    +5.381568148732185e-02    -4.503944143652916e-02
+3.099999978939394e-10    +7.572699785232544e-01    +7.362771779298782e-02    -4.766153171658516e-02
+3.149999983076412e-10    +7.457841634750366e-01    +9.463278949260712e-02    -5.101281031966209e-02
+3.199999987213431e-10    +7.341755032539368e-01    +1.192440167069435e-01    -5.463034287095070e-02
+3.249999991350450e-10    +7.229552268981934e-01    +1.493166238069534e-01    -5.729828029870987e-02
+3.299999995487468e-10    +7.113512754440308e-01    +1.842582076787949e-01    -5.748193711042404e-02
+3.349999999624487e-10    +6.981917619705200e-01    +2.207407057285309e-01    -5.406390130519867e-02
+3.400000003761505e-10    +6.829541325569153e-01    +2.545207142829895e-01    -4.691004008054733e-02
+3.450000007898524e-10    +6.665256023406982e-01    +2.826928496360779e-01    -3.684852644801140e-02
+3.500000012035542e-10    +6.514135599136353e-01    +3.045711517333984e-01    -2.539777569472790e-02
+3.550000016172561e-10    +6.410415768623352e-01    +3.211789429187775e-01    -1.399089302867651e-02
+3.600000020309579e-10    +6.381400227546692e-01    +3.337508141994476e-01    -3.279345575720072e-03
+3.650000024446598e-10    +6.435605287551880e-01    +3.424058854579926e-01    +7.014507893472910e-03
+3.700000028583617e-10    +6.558599472045898e-01    +3.458410501480103e-01    +1.765578053891659e-02
+3.750000032720635e-10    +6.710464358329773e-01    +3.418098390102386e-01    +2.939890138804913e-02
+3.800000036857654e-10    +6.837849020957947e-01    +3.273185491561890e-01    +4.272763803601265e-02
+3.850000040994672e-10    +6.900980472564697e-01    +2.996088266372681e-01    +5.749465152621269e-02
+3.900000045131691e-10    +6.889421939849854e-01    +2.580824494361877e-01    +7.275962084531784e-02
+3.950000049268709e-10    +6.817818880081177e-01    +2.049861997365952e-01    +8.738406747579575e-02
+4.000000053405728e-10    +6.720839142799377e-01    +1.435540765523911e-01    +1.008214727044106e-01
+4.050000057542746e-10    +6.633478999137878e-01    +7.558927685022354e-02    +1.128558963537216e-01
+4.100000061679765e-10    +6.568355560302734e-01    +1.104962662793696e-03    +1.228296831250191e-01
+4.150000065816783e-10    +6.509729623794556e-01    -8.094045519828796e-02    +1.293348222970963e-01
+4.200000069953802e-10    +6.422092914581299e-01    -1.712561249732971e-01    +1.307118982076645e-01
+4.250000074090821e-10    +6.265959739685059e-01    -2.680672705173492e-01    +1.258357167243958e-01
+4.300000078227839e-10    +6.009021401405334e-01    -3.657388389110565e-01    +1.150689795613289e-01
+4.350000082364858e-10    +5.632273554801941e-01    -4.564147889614105e-01    +1.003353223204613e-01
+4.400000086501876e-10    +5.137143135070801e-01    -5.325301289558411e-01    +8.382379263639450e-02
+4.450000090638895e-10    +4.559998512268066e-01    -5.880377292633057e-01    +6.662757694721222e-02
+4.500000094775913e-10    +3.974234461784363e-01    -6.216581463813782e-01    +4.885252192616463e-02
+4.550000098912932e-10    +3.448634445667267e-01    -6.386538743972778e-01    +3.058981336653233e-02
+4.600000103049950e-10    +3.015214800834656e-01    -6.457889080047607e-01    +1.203530654311180e-02
+4.650000107186969e-10    +2.689133584499359e-01    -6.475317478179932e-01    -6.479766685515642e-03
+4.699999833768231e-10    +2.490339130163193e-01    -6.466031670570374e-01    -2.423723414540291e-02
+4.749999837905250e-10    +2.435458600521088e-01    -6.444122195243835e-01    -4.048486426472664e-02
+4.799999842042268e-10    +2.529939115047455e-01    -6.407456398010254e-01    -5.470433458685875e-02
+4.849999846179287e-10    +2.766653597354889e-01    -6.339110732078552e-01    -6.662036478519440e-02
+4.899999850316306e-10    +3.114247024059296e-01    -6.218038201332092e-01    -7.652276754379272e-02
+4.949999854453324e-10    +3.522422611713409e-01    -6.036953330039978e-01    -8.509335666894913e-02
+4.999999858590343e-10    +3.942698240280151e-01    -5.809645652770996e-01    -9.257438778877258e-02
+5.049999862727361e-10    +4.349488914012909e-01    -5.561763048171997e-01    -9.899295866489410e-02
+5.099999866864380e-10    +4.742378592491150e-01    -5.314112901687622e-01    -1.047096252441406e-01
+5.149999871001398e-10    +5.127711296081543e-01    -5.062919259071350e-01    -1.107849851250648e-01
+5.199999875138417e-10    +5.502392649650574e-01    -4.769522845745087e-01    -1.185227483510971e-01
+5.249999879275435e-10    +5.848050117492676e-01    -4.375056624412537e-01    -1.280966252088547e-01
+5.299999883412454e-10    +6.127827763557434e-01    -3.828701376914978e-01    -1.380948871374130e-01
+5.349999887549473e-10    +6.308066844940186e-01    -3.118132948875427e-01    -1.465022116899490e-01
+5.399999891686491e-10    +6.374998092651367e-01    -2.279390394687653e-01    -1.524317264556885e-01
+5.449999895823510e-10    +6.331933140754700e-01    -1.368087381124496e-01    -1.565741747617722e-01
+5.499999899960528e-10    +6.179973483085632e-01    -4.304854944348335e-02    -1.596707999706268e-01
+5.549999904097547e-10    +5.914525985717773e-01    +4.834721237421036e-02    -1.613124310970306e-01
+5.599999908234565e-10    +5.565296411514282e-01    +1.315200030803680e-01    -1.606525033712387e-01
+5.649999912371584e-10    +5.211945772171021e-01    +2.047329396009445e-01    -1.575406789779663e-01
+5.699999916508602e-10    +4.898671209812164e-01    +2.731772959232330e-01    -1.514213979244232e-01
+5.749999920645621e-10    +4.601041078567505e-01    +3.439875245094299e-01    -1.422827839851379e-01
+5.799999924782639e-10    +4.293476045131683e-01    +4.212113320827484e-01    -1.314049512147903e-01
+5.849999928919658e-10    +3.975455164909363e-01    +5.015209913253784e-01    -1.196742057800293e-01
+5.899999933056677e-10    +3.629309237003326e-01    +5.718195438385010e-01    -1.073692142963409e-01
+5.949999937193695e-10    +3.211621940135956e-01    +6.182743310928345e-01    -9.540204703807831e-02
+5.999999941330714e-10    +2.695107758045197e-01    +6.353986263275146e-01    -8.443471044301987e-02
+6.049999945467732e-10    +2.114709764719009e-01    +6.233014464378357e-01    -7.485067099332809e-02
+6.099999949604751e-10    +1.577357947826385e-01    +5.901661515235901e-01    -6.845319271087646e-02
+6.149999953741769e-10    +1.175670474767685e-01    +5.524163246154785e-01    -6.517805904150009e-02
+6.199999957878788e-10    +8.925188332796097e-02    +5.209699273109436e-01    -6.230241060256958e-02
+6.249999962015806e-10    +6.219147518277168e-02    +4.980776011943817e-01    -5.801796913146973e-02
+6.299999966152825e-10    +2.651941962540150e-02    +4.842682480812073e-01    -5.307936668395996e-02
+6.349999970289844e-10    -2.115530520677567e-02    +4.738390445709229e-01    -4.994754120707512e-02
+6.399999974426862e-10    -7.765327394008636e-02    +4.605803787708282e-01    -5.091247335076332e-02
+6.449999978563881e-10    -1.360286325216293e-01    +4.523149430751801e-01    -5.572987720370293e-02
+6.499999982700899e-10    -1.926042139530182e-01    +4.566904902458191e-01    -6.001489236950874e-02
+6.549999986837918e-10    -2.499204427003860e-01    +4.727206528186798e-01    -5.985806137323380e-02
+6.599999990974936e-10    -3.123658001422882e-01    +4.980344176292419e-01    -5.773282051086426e-02
+6.649999995111955e-10    -3.802205920219421e-01    +5.207812786102295e-01    -5.929217860102654e-02
+6.699999999248973e-10    -4.454610645771027e-01    +5.224078893661499e-01    -6.537574529647827e-02
+6.750000003385992e-10    -4.985126554965973e-01    +4.973501563072205e-01    -7.361280918121338e-02
+6.800000007523010e-10    -5.364368557929993e-01    +4.495057463645935e-01    -8.249634504318237e-02
+6.850000011660029e-10    -5.611841082572937e-01    +3.819097876548767e-01    -8.880195021629333e-02
+6.900000015797048e-10    -5.777809619903564e-01    +3.009746670722961e-01    -8.987068384885788e-02
+6.950000019934066e-10    -5.905076265335083e-01    +2.163353562355042e-01    -8.808028697967529e-02
+7.000000024071085e-10    -5.969648957252502e-01    +1.360903829336166e-01    -8.681604266166687e-02
+7.050000028208103e-10    -6.016382575035095e-01    +6.854795664548874e-02    -8.625858277082443e-02
+7.100000032345122e-10    -6.113383769989014e-01    +1.569718867540359e-02    -8.596291393041611e-02
+7.150000036482140e-10    -6.229107975959778e-01    -2.680370211601257e-02    -8.501577377319336e-02
+7.200000040619159e-10    -6.341205239295959e-01    -6.994436681270599e-02    -8.194252103567123e-02
+7.250000044756177e-10    -6.470958590507507e-01    -1.192592754960060e-01    -7.529085874557495e-02
+7.300000048893196e-10    -6.632195115089417e-01    -1.674782782793045e-01    -6.710597127676010e-02
+7.350000053030215e-10    -6.813049316406250e-01    -2.090701013803482e-01    -5.899981781840324e-02
+7.400000057167233e-10    -6.969795823097229e-01    -2.398577928543091e-01    -4.945687577128410e-02
+7.450000061304252e-10    -7.038411498069763e-01    -2.588588893413544e-01    -3.838242217898369e-02
+7.500000065441270e-10    -6.973692178726196e-01    -2.690270841121674e-01    -2.629373222589493e-02
+7.550000069578289e-10    -6.823127865791321e-01    -2.716369926929474e-01    -1.289698667824268e-02
+7.600000073715307e-10    -6.680442094802856e-01    -2.661803364753723e-01    +7.516971090808511e-04
+7.650000077852326e-10    -6.597804427146912e-01    -2.543525695800781e-01    +1.293969713151455e-02
+7.700000081989344e-10    -6.554740667343140e-01    -2.392207831144333e-01    +2.289561554789543e-02
+7.750000086126363e-10    -6.548491120338440e-01    -2.236827164888382e-01    +3.015442565083504e-02
+7.800000090263381e-10    -6.621437072753906e-01    -2.091291844844818e-01    +3.450701758265495e-02
+7.850000094400400e-10    -6.774086356163025e-01    -1.942418068647385e-01    +3.618009015917778e-02
+7.900000098537419e-10    -6.966446042060852e-01    -1.767696142196655e-01    +3.595503419637680e-02
+7.950000102674437e-10    -7.170500159263611e-01    -1.565292775630951e-01    +3.522643446922302e-02
+8.000000106811456e-10    -7.349405884742737e-01    -1.350415199995041e-01    +3.562811389565468e-02
+8.050000110948474e-10    -7.477094531059265e-01    -1.138345599174500e-01    +3.754509240388870e-02
+8.100000115085493e-10    -7.564714550971985e-01    -9.421594440937042e-02    +4.013697803020477e-02
+8.150000119222511e-10    -7.629874348640442e-01    -7.586652040481567e-02    +4.289708286523819e-02
+8.200000123359530e-10    -7.674625515937805e-01    -5.734319612383842e-02    +4.537069052457809e-02
+8.250000127496548e-10    -7.687379121780396e-01    -3.843423351645470e-02    +4.677590727806091e-02
+8.300000131633567e-10    -7.666319012641907e-01    -1.917228288948536e-02    +4.638357087969780e-02
+8.350000135770586e-10    -7.633422017097473e-01    +1.074646716006100e-04    +4.343507438898087e-02
+8.400000139907604e-10    -7.609856128692627e-01    +1.805581897497177e-02    +3.825397416949272e-02
+8.450000144044623e-10    -7.604732513427734e-01    +3.355260938405991e-02    +3.229901567101479e-02
+8.500000148181641e-10    -7.614997625350952e-01    +4.621366038918495e-02    +2.721527591347694e-02
+8.550000152318660e-10    -7.626617550849915e-01    +5.625583976507187e-02    +2.419002354145050e-02
+8.600000156455678e-10    -7.634011507034302e-01    +6.429737806320190e-02    +2.343543060123920e-02
+8.650000160592697e-10    -7.647201418876648e-01    +7.156842201948166e-02    +2.391660958528519e-02
+8.700000164729715e-10    -7.673795223236084e-01    +7.883723080158234e-02    +2.414530888199806e-02
+8.750000168866734e-10    -7.706219553947449e-01    +8.591795712709427e-02    +2.326856181025505e-02
+8.800000173003752e-10    -7.733050584793091e-01    +9.171831607818604e-02    +2.100053988397121e-02
+8.850000177140771e-10    -7.745853662490845e-01    +9.476303309202194e-02    +1.742453128099442e-02
+8.900000181277790e-10    -7.746325135231018e-01    +9.423571079969406e-02    +1.273764576762915e-02
+8.950000185414808e-10    -7.746374607086182e-01    +9.040014445781708e-02    +7.363961078226566e-03
+9.000000189551827e-10    -7.756135463714600e-01    +8.407166600227356e-02    +1.957433065399528e-03
+9.050000193688845e-10    -7.774084210395813e-01    +7.541260123252869e-02    -2.778715221211314e-03
+9.100000197825864e-10    -7.788119912147522e-01    +6.398540735244751e-02    -6.187171209603548e-03
+9.150000201962882e-10    -7.790559530258179e-01    +4.993905127048492e-02    -8.033030666410923e-03
+9.200000206099901e-10    -7.784711122512817e-01    +3.428601473569870e-02    -8.536484092473984e-03
+9.250000210236919e-10    -7.779093384742737e-01    +1.848153211176395e-02    -8.109156042337418e-03
+9.300000214373938e-10    -7.780560851097107e-01    +3.598568495362997e-03    -7.174703758209944e-03
+9.349999663399444e-10    -7.788968086242676e-01    -1.020419411361217e-02    -5.978221539407969e-03
+9.399999667536463e-10    -7.797530889511108e-01    -2.309442684054375e-02    -4.690379370003939e-03
+9.449999671673481e-10    -7.802095413208008e-01    -3.504320979118347e-02    -3.567037172615528e-03
+9.499999675810500e-10    -7.804151773452759e-01    -4.599264264106750e-02    -2.652665600180626e-03
+9.549999679947518e-10    -7.805927395820618e-01    -5.573244392871857e-02    -1.671724836342037e-03
+9.599999684084537e-10    -7.808764576911926e-01    -6.387220323085785e-02    -2.567853080108762e-04
+9.649999688221556e-10    -7.812678813934326e-01    -6.996326893568039e-02    +1.870451960712671e-03
+9.699999692358574e-10    -7.816361188888550e-01    -7.367901504039764e-02    +4.734355956315994e-03
+9.749999696495593e-10    -7.818094491958618e-01    -7.491510361433029e-02    +8.113363757729530e-03
+9.799999700632611e-10    -7.817388772964478e-01    -7.370906323194504e-02    +1.169505715370178e-02
+9.849999704769630e-10    -7.816433906555176e-01    -7.028936594724655e-02    +1.517880801111460e-02
+9.899999708906648e-10    -7.816661000251770e-01    -6.509231030941010e-02    +1.825549453496933e-02
+9.949999713043667e-10    -7.816932797431946e-01    -5.860457569360733e-02    +2.065166831016541e-02
+9.999999717180685e-10    -7.816781997680664e-01    -5.118696764111519e-02    +2.217759378254414e-02
