#t                         ExternalField.h_x         ExternalField.h_y         ExternalField.h_z         m_x                       m_y                       m_z                   
+1.000000013351432e-10    +0.000000000000000e+00    +0.000000000000000e+00    +0.000000000000000e+00    +1.756529211997986e-01    +2.737526781857014e-02    -6.078876322135329e-04
+2.000000026702864e-10    +0.000000000000000e+00    +0.000000000000000e+00    +0.000000000000000e+00    +1.756128668785095e-01    +2.737927436828613e-02    -6.072411779314280e-04
+2.999999970665357e-10    +0.000000000000000e+00    +0.000000000000000e+00    +0.000000000000000e+00    +1.756152659654617e-01    +2.737585268914700e-02    -6.074756383895874e-04
+4.000000053405728e-10    +0.000000000000000e+00    +0.000000000000000e+00    +0.000000000000000e+00    +1.756165772676468e-01    +2.737408131361008e-02    -6.075999117456377e-04
+4.999999858590343e-10    +0.000000000000000e+00    +0.000000000000000e+00    +0.000000000000000e+00    +1.756173223257065e-01    +2.737296372652054e-02    -6.076703430153430e-04
+5.999999941330714e-10    +0.000000000000000e+00    +0.000000000000000e+00    +0.000000000000000e+00    +1.756177991628647e-01    +2.737227082252502e-02    -6.077245925553143e-04
+7.000000024071085e-10    +0.000000000000000e+00    +0.000000000000000e+00    +0.000000000000000e+00    +1.756180822849274e-01    +2.737177349627018e-02    -6.077229045331478e-04
+8.000000106811456e-10    +0.000000000000000e+00    +0.000000000000000e+00    +0.000000000000000e+00    +1.756182610988617e-01    +2.737150713801384e-02    -6.077499710954726e-04
+9.000000189551827e-10    +0.000000000000000e+00    +0.000000000000000e+00    +0.000000000000000e+00    +1.756183803081512e-01    +2.737130410969257e-02    -6.077548605389893e-04
+9.999999717180685e-10    +0.000000000000000e+00    +0.000000000000000e+00    +0.000000000000000e+00    +1.756184399127960e-01    +2.737117931246758e-02    -6.077609723433852e-04
+1.099999979992106e-09    +0.000000000000000e+00    +0.000000000000000e+00    +6.366198125000000e+05    +1.632785946130753e-01    +3.804279863834381e-02    +1.326507180929184e-01
+1.199999988266143e-09    +0.000000000000000e+00    +0.000000000000000e+00    +1.273239625000000e+06    +1.361564546823502e-01    +2.988663129508495e-02    +2.645413279533386e-01
+1.299999996540180e-09    +0.000000000000000e+00    +0.000000000000000e+00    +1.909859375000000e+06    +8.988831192255020e-02    +1.218392886221409e-02    +3.885164260864258e-01
+1.400000004814217e-09    +0.000000000000000e+00    +0.000000000000000e+00    +2.546479250000000e+06    +2.836844697594643e-02    -1.043580472469330e-02    +4.946914315223694e-01
+1.500000013088254e-09    +0.000000000000000e+00    +0.000000000000000e+00    +3.183099000000000e+06    -1.214661635458469e-02    -2.128112129867077e-02    +5.681428313255310e-01
+1.600000021362291e-09    +0.000000000000000e+00    +0.000000000000000e+00    +3.819718750000000e+06    -1.355096511542797e-02    -1.916842721402645e-02    +6.116577386856079e-01
+1.700000029636328e-09    +0.000000000000000e+00    +0.000000000000000e+00    +4.456338500000000e+06    -4.011813551187515e-03    -1.395355537533760e-02    +6.444355845451355e-01
+1.800000037910365e-09    +0.000000000000000e+00    +0.000000000000000e+00    +5.092958500000000e+06    -2.248015487566590e-03    -1.056561712175608e-02    +6.737884283065796e-01
+1.899999935162100e-09    +0.000000000000000e+00    +0.000000000000000e+00    +5.729577000000000e+06    +4.830747377127409e-03    -7.416379172354937e-03    +7.003262042999268e-01
+1.999999943436137e-09    +0.000000000000000e+00    +0.000000000000000e+00    +6.366197000000000e+06    +5.461571272462606e-03    -1.172507181763649e-03    +7.243522405624390e-01
+2.099999951710174e-09    +0.000000000000000e+00    +0.000000000000000e+00    +7.002817500000000e+06    +1.071160892024636e-03    +3.009175416082144e-03    +7.446615099906921e-01
+2.199999959984211e-09    +0.000000000000000e+00    +0.000000000000000e+00    +7.639436500000000e+06    -1.468945527449250e-03    +1.297474955208600e-03    +7.588819265365601e-01
+2.299999968258248e-09    +0.000000000000000e+00    +0.000000000000000e+00    +8.276057000000000e+06    -1.546685234643519e-03    +8.795510511845350e-04    +7.689580321311951e-01
+2.399999976532285e-09    +0.000000000000000e+00    +0.000000000000000e+00    +8.912677000000000e+06    -1.055063912644982e-03    +5.220878520049155e-04    +7.779862284660339e-01
+2.499999984806323e-09    +0.000000000000000e+00    +0.000000000000000e+00    +9.549296000000000e+06    -5.802186788059771e-04    +2.247393858851865e-04    +7.857787013053894e-01
+2.599999993080360e-09    +0.000000000000000e+00    +0.000000000000000e+00    +1.018591500000000e+07    -1.722560264170170e-04    -1.655572668823879e-05    +7.919914126396179e-01
+2.700000001354397e-09    +0.000000000000000e+00    +0.000000000000000e+00    +1.082253500000000e+07    +3.314580317237414e-05    -2.097559081448708e-05    +7.961859107017517e-01
+2.800000009628434e-09    +0.000000000000000e+00    +0.000000000000000e+00    +1.145915500000000e+07    -3.539480530889705e-06    +1.105725800698565e-06    +7.981420159339905e-01
+2.900000017902471e-09    +0.000000000000000e+00    +0.000000000000000e+00    +1.209577500000000e+07    +2.235174198506051e-11    -1.847744068861346e-09    +7.987381815910339e-01
+3.000000026176508e-09    +0.000000000000000e+00    +0.000000000000000e+00    +1.273239600000000e+07    -1.087784862185970e-09    -1.132488325339409e-09    +7.990164160728455e-01
+3.100000034450545e-09    +0.000000000000000e+00    +0.000000000000000e+00    +1.336901600000000e+07    -4.023313626699832e-10    -7.152557435219364e-10    +7.991869449615479e-01
+3.200000042724582e-09    +0.000000000000000e+00    +0.000000000000000e+00    +1.400563500000000e+07    +1.657754211681350e-10    -2.682209121473988e-09    +7.993066906929016e-01
+3.300000050998619e-09    +0.000000000000000e+00    +0.000000000000000e+00    +1.464225600000000e+07    -1.071021049625642e-09    +1.192092952129187e-10    +7.993972301483154e-01
+3.400000059272656e-09    +0.000000000000000e+00    +0.000000000000000e+00    +1.527887500000000e+07    -3.311783292048176e-09    -9.536743617033494e-10    +7.994688749313354e-01
+3.500000067546694e-09    +0.000000000000000e+00    +0.000000000000000e+00    +1.591549400000000e+07    -1.974403973648009e-10    +2.384185904258374e-10    +7.995269894599915e-01
+3.600000075820731e-09    +0.000000000000000e+00    +0.000000000000000e+00    +1.527887500000000e+07    -4.544854492749550e-10    -2.384185904258374e-10    +7.994694709777832e-01
+3.700000084094768e-09    +0.000000000000000e+00    +0.000000000000000e+00    +1.464225500000000e+07    -2.440065371978051e-10    -2.980232449711906e-10    +7.993981242179871e-01
+3.799999870324200e-09    +0.000000000000000e+00    +0.000000000000000e+00    +1.400563700000000e+07    -4.805624786996532e-10    +5.960464760645934e-11    +7.993080019950867e-01
+3.899999878598237e-09    +0.000000000000000e+00    +0.000000000000000e+00    +1.336901700000000e+07    -1.024454854281487e-09    -2.980232449711906e-10    +7.991892695426941e-01
+3.999999886872274e-09    +0.000000000000000e+00    +0.000000000000000e+00    +1.273239600000000e+07    -5.774200007024888e-10    -7.152557435219364e-10    +7.990210056304932e-01
+4.099999895146311e-09    +0.000000000000000e+00    +0.000000000000000e+00    +1.209577700000000e+07    -9.573996040401767e-10    -2.384185904258374e-10    +7.987512350082397e-01
+4.199999903420348e-09    +0.000000000000000e+00    +0.000000000000000e+00    +1.145915700000000e+07    -1.415610406674261e-09    -9.536743617033494e-10    +7.981962561607361e-01
+4.299999911694385e-09    +0.000000000000000e+00    +0.000000000000000e+00    +1.082253700000000e+07    -2.346932925778589e-10    -1.430511487043873e-09    +7.965649962425232e-01
+4.399999919968423e-09    +0.000000000000000e+00    +0.000000000000000e+00    +1.018591700000000e+07    -1.162290597100935e-09    -1.192092952129187e-10    +7.922203540802002e-01
+4.499999928242460e-09    +0.000000000000000e+00    +0.000000000000000e+00    +9.549298000000000e+06    -1.192092979884762e-09    -2.086162576020456e-09    +7.861925363540649e-01
+4.599999936516497e-09    +0.000000000000000e+00    +0.000000000000000e+00    +8.912677000000000e+06    -1.430511487043873e-09    -7.152557435219364e-10    +7.782329320907593e-01
+4.699999944790534e-09    +0.000000000000000e+00    +0.000000000000000e+00    +8.276057500000000e+06    -1.192092979884762e-09    -1.907348723406699e-09    +7.692467570304871e-01
+4.799999953064571e-09    +0.000000000000000e+00    +0.000000000000000e+00    +7.639437500000000e+06    -2.145767341588112e-09    -2.145767341588112e-09    +7.593304514884949e-01
+4.899999961338608e-09    +0.000000000000000e+00    +0.000000000000000e+00    +7.002817500000000e+06    -3.576278828631985e-09    -4.649162388403738e-09    +7.455255389213562e-01
+4.999999969612645e-09    +0.000000000000000e+00    +0.000000000000000e+00    +6.366197000000000e+06    -3.814697446813398e-09    -4.768371919539049e-09    +7.246128320693970e-01
+5.099999977886682e-09    +0.000000000000000e+00    +0.000000000000000e+00    +5.729577000000000e+06    +0.000000000000000e+00    -2.503395268860231e-09    +7.000624537467957e-01
+5.199999986160719e-09    +0.000000000000000e+00    +0.000000000000000e+00    +5.092958500000000e+06    +0.000000000000000e+00    -4.053116064994811e-09    +6.730064749717712e-01
+5.299999994434756e-09    +0.000000000000000e+00    +0.000000000000000e+00    +4.456338500000000e+06    +2.384185904258374e-10    -6.198883184538317e-09    +6.436125636100769e-01
+5.400000002708794e-09    +0.000000000000000e+00    +0.000000000000000e+00    +3.819718250000000e+06    -4.291534683176224e-09    -5.006790537720462e-09    +6.107213497161865e-01
+5.500000010982831e-09    +0.000000000000000e+00    +0.000000000000000e+00    +3.183098000000000e+06    +1.192092979884762e-09    +2.980232449711906e-10    +5.693857669830322e-01
+5.600000019256868e-09    +0.000000000000000e+00    +0.000000000000000e+00    +2.546479250000000e+06    -7.629394893626795e-09    -4.112720830562466e-09    +5.075458288192749e-01
+5.700000027530905e-09    +0.000000000000000e+00    +0.000000000000000e+00    +1.909858125000000e+06    -1.001358107544092e-08    -2.264976650678818e-09    +4.065348207950592e-01
+5.800000035804942e-09    +0.000000000000000e+00    +0.000000000000000e+00    +1.273238125000000e+06    -4.291534683176224e-09    +1.907348723406699e-09    +2.792060077190399e-01
+5.900000044078979e-09    +0.000000000000000e+00    +0.000000000000000e+00    +6.366180000000000e+05    -1.955032402634060e-08    +8.106232129989621e-09    +1.437266916036606e-01
+6.000000052353016e-09    +0.000000000000000e+00    +0.000000000000000e+00    -2.000000000000000e+00    -2.861022974087746e-09    +1.668930105225286e-09    +3.924570977687836e-03
+6.100000060627053e-09    +0.000000000000000e+00    +0.000000000000000e+00    -6.366210625000000e+05    +1.430511487043873e-09    +3.337860210450572e-09    -1.359027773141861e-01
+6.200000068901090e-09    +0.000000000000000e+00    +0.000000000000000e+00    -1.273242125000000e+06    -2.861022974087746e-09    +0.000000000000000e+00    -2.708424329757690e-01
+6.300000077175127e-09    +0.000000000000000e+00    +0.000000000000000e+00    -1.909862000000000e+06    +9.536743617033494e-10    +1.668930105225286e-09    -3.974934518337250e-01
+6.400000085449165e-09    +0.000000000000000e+00    +0.000000000000000e+00    -2.546480250000000e+06    +2.861022974087746e-09    +5.379319656384496e-09    -4.990473985671997e-01
+6.500000093723202e-09    +0.000000000000000e+00    +0.000000000000000e+00    -3.183102000000000e+06    +1.907348723406699e-09    +5.304813477380321e-09    -5.660644769668579e-01
+6.600000101997239e-09    +0.000000000000000e+00    +0.000000000000000e+00    -3.819720250000000e+06    +2.861022974087746e-09    +1.668930105225286e-09    -6.091111302375793e-01
+6.700000110271276e-09    +0.000000000000000e+00    +0.000000000000000e+00    -4.456340500000000e+06    +2.384185959769525e-09    +7.390976275445382e-09    -6.422030329704285e-01
+6.800000118545313e-09    +0.000000000000000e+00    +0.000000000000000e+00    -5.092960500000000e+06    +6.198883184538317e-09    +6.198883184538317e-09    -6.717680692672729e-01
+6.900000126819350e-09    +0.000000000000000e+00    +0.000000000000000e+00    -5.729580500000000e+06    +2.384185959769525e-09    +5.602836861129390e-09    -6.987378001213074e-01
+7.000000135093387e-09    +0.000000000000000e+00    +0.000000000000000e+00    -6.366202000000000e+06    +3.337860210450572e-09    +4.887581006585151e-09    -7.231775522232056e-01
+7.100000143367424e-09    +0.000000000000000e+00    +0.000000000000000e+00    -7.002820500000000e+06    +1.907348723406699e-09    +5.960464566356904e-09    -7.438374161720276e-01
+7.200000151641461e-09    +0.000000000000000e+00    +0.000000000000000e+00    -7.639440500000000e+06    +1.907348723406699e-09    +4.053116064994811e-09    -7.583579421043396e-01
+7.300000159915498e-09    +0.000000000000000e+00    +0.000000000000000e+00    -8.276060500000000e+06    +4.768371808516747e-10    +1.072883670794056e-09    -7.685455679893494e-01
+7.400000168189536e-09    +0.000000000000000e+00    +0.000000000000000e+00    -8.912683000000000e+06    +2.384185904258374e-10    +5.960464899423812e-10    -7.775837182998657e-01
+7.499999732374363e-09    +0.000000000000000e+00    +0.000000000000000e+00    -9.549294000000000e+06    +2.145767341588112e-09    +6.556511444877344e-10    -7.854928374290466e-01
+7.599999740648400e-09    +0.000000000000000e+00    +0.000000000000000e+00    -1.018591700000000e+07    +2.324581194201869e-09    +6.556511444877344e-10    -7.917450666427612e-01
+7.699999748922437e-09    +0.000000000000000e+00    +0.000000000000000e+00    -1.082253700000000e+07    +5.066395081243513e-10    +1.132488325339409e-09    -7.961189150810242e-01
+7.799999757196474e-09    +0.000000000000000e+00    +0.000000000000000e+00    -1.145915400000000e+07    +2.421438882738158e-10    +1.251697634430116e-09    -7.981402873992920e-01
+7.899999765470511e-09    +0.000000000000000e+00    +0.000000000000000e+00    -1.209577700000000e+07    -3.725290353973065e-10    +1.072883670794056e-09    -7.987381815910339e-01
+7.999999773744548e-09    +0.000000000000000e+00    +0.000000000000000e+00    -1.273239400000000e+07    +4.619360172153364e-10    -5.960464760645934e-11    -7.990164160728455e-01
+8.099999782018585e-09    +0.000000000000000e+00    +0.000000000000000e+00    -1.336901500000000e+07    +6.332993573998635e-10    +9.536743617033494e-10    -7.991869449615479e-01
+8.199999790292622e-09    +0.000000000000000e+00    +0.000000000000000e+00    -1.400563500000000e+07    +2.179294938953191e-10    +1.072883670794056e-09    -7.993066906929016e-01
+8.299999798566660e-09    +0.000000000000000e+00    +0.000000000000000e+00    -1.464225500000000e+07    -8.940696794024205e-11    +3.576278717609682e-10    -7.993972301483154e-01
+8.399999806840697e-09    +0.000000000000000e+00    +0.000000000000000e+00    -1.527887500000000e+07    -4.414469345626060e-10    +2.980232449711906e-10    -7.994688153266907e-01
+8.499999815114734e-09    +0.000000000000000e+00    +0.000000000000000e+00    -1.591549400000000e+07    +6.929040119452168e-10    +1.192092952129187e-10    -7.995269894599915e-01
+8.599999823388771e-09    +0.000000000000000e+00    +0.000000000000000e+00    -1.527887500000000e+07    +1.415610406674261e-10    +1.788139358804841e-10    -7.994694709777832e-01
+8.699999831662808e-09    +0.000000000000000e+00    +0.000000000000000e+00    -1.464225500000000e+07    +2.551824029861649e-10    +7.152557435219364e-10    -7.993981838226318e-01
+8.799999839936845e-09    +0.000000000000000e+00    +0.000000000000000e+00    -1.400563500000000e+07    +7.785856959152682e-10    +3.576278717609682e-10    -7.993080019950867e-01
+8.899999848210882e-09    +0.000000000000000e+00    +0.000000000000000e+00    -1.336901600000000e+07    +6.705522803684971e-10    +1.132488325339409e-09    -7.991892695426941e-01
+8.999999856484919e-09    +0.000000000000000e+00    +0.000000000000000e+00    -1.273239600000000e+07    +8.977950050059746e-10    +1.251697634430116e-09    -7.990211844444275e-01
+9.099999864758956e-09    +0.000000000000000e+00    +0.000000000000000e+00    -1.209577700000000e+07    +1.035630803336574e-09    +5.364418353970279e-10    -7.987511754035950e-01
+9.199999873032993e-09    +0.000000000000000e+00    +0.000000000000000e+00    -1.145915700000000e+07    +9.723007954320906e-10    +7.748603980672897e-10    -7.981963157653809e-01
+9.299999881307031e-09    +0.000000000000000e+00    +0.000000000000000e+00    -1.082253700000000e+07    -7.003546076411737e-10    +1.132488325339409e-09    -7.965649962425232e-01
+9.399999889581068e-09    +0.000000000000000e+00    +0.000000000000000e+00    -1.018591700000000e+07    +1.281499906191641e-09    -5.364418353970279e-10    -7.922204136848450e-01
+9.499999897855105e-09    +0.000000000000000e+00    +0.000000000000000e+00    -9.549296000000000e+06    +1.490116141589226e-09    -4.768371808516747e-10    -7.861925363540649e-01
+9.599999906129142e-09    +0.000000000000000e+00    +0.000000000000000e+00    -8.912677000000000e+06    -1.192092952129187e-10    +1.668930105225286e-09    -7.782329320907593e-01
+9.699999914403179e-09    +0.000000000000000e+00    +0.000000000000000e+00    -8.276057500000000e+06    +2.622604577950938e-09    +8.344650526126429e-10    -7.692467570304871e-01
+9.799999922677216e-09    +0.000000000000000e+00    +0.000000000000000e+00    -7.639437500000000e+06    +7.152557435219364e-10    +7.152557435219364e-10    -7.593304514884949e-01
+9.899999930951253e-09    +0.000000000000000e+00    +0.000000000000000e+00    -7.002817500000000e+06    +1.907348723406699e-09    +4.410743770222325e-09    -7.455254793167114e-01
+9.999999939225290e-09    +0.000000000000000e+00    +0.000000000000000e+00    -6.366197000000000e+06    +4.768371919539049e-09    +5.006790537720462e-09    -7.246129512786865e-01
+1.009999994749933e-08    +0.000000000000000e+00    +0.000000000000000e+00    -5.729578500000000e+06    +1.907348723406699e-09    +8.583069366352447e-09    -7.000623941421509e-01
+1.019999995577336e-08    +0.000000000000000e+00    +0.000000000000000e+00    -5.092958500000000e+06    +6.437301802719730e-09    +7.390976275445382e-09    -6.730064749717712e-01
+1.029999996404740e-08    +0.000000000000000e+00    +0.000000000000000e+00    -4.456338500000000e+06    +3.576278828631985e-09    +5.960464566356904e-09    -6.436126828193665e-01
+1.039999997232144e-08    +0.000000000000000e+00    +0.000000000000000e+00    -3.819719250000000e+06    +2.622604577950938e-09    +6.437301802719730e-09    -6.107215881347656e-01
+1.049999998059548e-08    +0.000000000000000e+00    +0.000000000000000e+00    -3.183099000000000e+06    +1.192092979884762e-09    +5.722045948175492e-09    -5.693861842155457e-01
+1.059999998886951e-08    +0.000000000000000e+00    +0.000000000000000e+00    -2.546479250000000e+06    +3.814697446813398e-09    +3.188848740620642e-09    -5.075462460517883e-01
+1.069999999714355e-08    +0.000000000000000e+00    +0.000000000000000e+00    -1.909859125000000e+06    +3.337860210450572e-09    +3.635883594199640e-09    -4.065345525741577e-01
+1.080000000541759e-08    +0.000000000000000e+00    +0.000000000000000e+00    -1.273239125000000e+06    +2.861022974087746e-09    +1.072883670794056e-09    -2.792064249515533e-01
+1.090000001369162e-08    +0.000000000000000e+00    +0.000000000000000e+00    -6.366200625000000e+05    +1.907348723406699e-09    +4.053116064994811e-09    -1.437276750802994e-01
+1.100000002196566e-08    +0.000000000000000e+00    +0.000000000000000e+00    +0.000000000000000e+00    -1.907348723406699e-09    +7.152557657263969e-09    -3.924472723156214e-03
+1.110000003023970e-08    +0.000000000000000e+00    +0.000000000000000e+00    +6.366190625000000e+05    -2.384185959769525e-09    +1.430511487043873e-09    +1.359027177095413e-01
+1.120000003851374e-08    +0.000000000000000e+00    +0.000000000000000e+00    +1.273240125000000e+06    +1.430511487043873e-09    -5.006790537720462e-09    +2.708424329757690e-01
+1.130000004678777e-08    +0.000000000000000e+00    +0.000000000000000e+00    +1.909860125000000e+06    -2.384185959769525e-09    -6.675720420901143e-09    +3.974923789501190e-01
+1.140000005506181e-08    +0.000000000000000e+00    +0.000000000000000e+00    +2.546478250000000e+06    -2.384185959769525e-09    +1.639127833463760e-09    +4.990473985671997e-01
+1.150000006333585e-08    +0.000000000000000e+00    +0.000000000000000e+00    +3.183100000000000e+06    -4.768371808516747e-10    -4.947185772152807e-09    +5.660644769668579e-01
+1.160000007160988e-08    +0.000000000000000e+00    +0.000000000000000e+00    +3.819718250000000e+06    -3.814697446813398e-09    -6.198883184538317e-09    +6.091110110282898e-01
+1.170000007988392e-08    +0.000000000000000e+00    +0.000000000000000e+00    +4.456338500000000e+06    -3.814697446813398e-09    -2.861022974087746e-09    +6.422026753425598e-01
+1.180000008815796e-08    +0.000000000000000e+00    +0.000000000000000e+00    +5.092958500000000e+06    -2.384185959769525e-09    -2.503395268860231e-09    +6.717678308486938e-01
+1.190000009643200e-08    +0.000000000000000e+00    +0.000000000000000e+00    +5.729578500000000e+06    +0.000000000000000e+00    -5.483627774083288e-09    +6.987378001213074e-01
+1.200000010470603e-08    +0.000000000000000e+00    +0.000000000000000e+00    +6.366198000000000e+06    -1.430511487043873e-09    -4.410743770222325e-09    +7.231774926185608e-01
+1.210000011298007e-08    +0.000000000000000e+00    +0.000000000000000e+00    +7.002818500000000e+06    -2.861022974087746e-09    -2.622604577950938e-09    +7.438374161720276e-01
+1.220000012125411e-08    +0.000000000000000e+00    +0.000000000000000e+00    +7.639438500000000e+06    -3.337860210450572e-09    -2.264976650678818e-09    +7.583579421043396e-01
+1.230000012952814e-08    +0.000000000000000e+00    +0.000000000000000e+00    +8.276056500000000e+06    -4.768371808516747e-10    -3.457069519541278e-09    +7.685455679893494e-01
+1.240000013780218e-08    +0.000000000000000e+00    +0.000000000000000e+00    +8.912677000000000e+06    -1.192092979884762e-09    +3.576278717609682e-10    +7.775836586952209e-01
+1.250000014607622e-08    +0.000000000000000e+00    +0.000000000000000e+00    +9.549296000000000e+06    +9.536743617033494e-10    -1.788139358804841e-10    +7.854928374290466e-01
+1.260000015435025e-08    +0.000000000000000e+00    +0.000000000000000e+00    +1.018591700000000e+07    +5.960464760645934e-11    -1.549720796134579e-09    +7.917450666427612e-01
+1.270000016262429e-08    +0.000000000000000e+00    +0.000000000000000e+00    +1.082253700000000e+07    -3.576278717609682e-10    -7.152557435219364e-10    +7.961189150810242e-01
+1.280000017089833e-08    +0.000000000000000e+00    +0.000000000000000e+00    +1.145915700000000e+07    -1.061707832761272e-09    -1.072883670794056e-09    +7.981402873992920e-01
+1.290000017917237e-08    +0.000000000000000e+00    +0.000000000000000e+00    +1.209577700000000e+07    +1.229345791831093e-10    -5.960464760645934e-11    +7.987381815910339e-01
+1.300000018744640e-08    +0.000000000000000e+00    +0.000000000000000e+00    +1.273239400000000e+07    -1.139938921035366e-09    -4.768371808516747e-10    +7.990164160728455e-01
+1.310000019572044e-08    +0.000000000000000e+00    +0.000000000000000e+00    +1.336901700000000e+07    -7.040799054891522e-10    -5.364418353970279e-10    +7.991869449615479e-01
+1.320000020399448e-08    +0.000000000000000e+00    +0.000000000000000e+00    +1.400563500000000e+07    -7.152557435219364e-10    -1.192092952129187e-10    +7.993066906929016e-01
+1.330000021226851e-08    +0.000000000000000e+00    +0.000000000000000e+00    +1.464225500000000e+07    -1.508742575317967e-10    -6.556511444877344e-10    +7.993972301483154e-01
+1.340000022054255e-08    +0.000000000000000e+00    +0.000000000000000e+00    +1.527887500000000e+07    -7.282943137454367e-10    -4.768371808516747e-10    +7.994688153266907e-01
+1.350000022881659e-08    +0.000000000000000e+00    +0.000000000000000e+00    +1.591549400000000e+07    -3.259629233198780e-10    -2.980232449711906e-10    +7.995269894599915e-01
