1e-12 0.00102075 -0.000248356 0.999999
2e-12 0.00205292 -0.000423836 0.999998
3e-12 0.00309136 -0.000526063 0.999995
4e-12 0.0041309 -0.000555028 0.999991
5e-12 0.00516641 -0.000511081 0.999987
6e-12 0.0061928 -0.00039493 0.999981
7e-12 0.00720507 -0.000207636 0.999974
8e-12 0.00819834 4.93986e-05 0.999966
9e-12 0.00916782 0.000374435 0.999958
1e-11 0.0101089 0.000765412 0.999949
1.1e-11 0.0110171 0.00121996 0.999939
1.2e-11 0.0118883 0.0017354 0.999928
1.3e-11 0.0127182 0.00230878 0.999916
1.4e-11 0.0135033 0.00293689 0.999905
1.5e-11 0.0142398 0.00361626 0.999892
1.6e-11 0.0149244 0.00434319 0.999879
1.7e-11 0.0155542 0.00511378 0.999866
1.8e-11 0.0161264 0.00592394 0.999852
1.9e-11 0.0166386 0.0067694 0.999839
2e-11 0.0170887 0.00764576 0.999825
2.1e-11 0.0174748 0.00854849 0.999811
2.2e-11 0.0177955 0.00947297 0.999797
2.3e-11 0.0180497 0.0104145 0.999783
2.4e-11 0.0182365 0.0113683 0.999769
2.5e-11 0.0183555 0.0123296 0.999755
2.6e-11 0.0184066 0.0132936 0.999742
2.7e-11 0.0183899 0.0142556 0.999729
2.8e-11 0.018306 0.0152108 0.999717
2.9e-11 0.0181558 0.0161546 0.999705
3e-11 0.0179405 0.0170823 0.999693
3.1e-11 0.0176615 0.0179896 0.999682
3.2e-11 0.0173207 0.0188721 0.999672
3.3e-11 0.0169201 0.0197256 0.999662
3.4e-11 0.0164622 0.0205461 0.999653
3.5e-11 0.0159495 0.0213298 0.999645
3.6e-11 0.015385 0.0220731 0.999638
3.7e-11 0.0147718 0.0227725 0.999632
3.8e-11 0.0141133 0.023425 0.999626
3.9e-11 0.0134129 0.0240277 0.999621
4e-11 0.0126745 0.0245778 0.999618
4.1e-11 0.0119019 0.0250731 0.999615
4.2e-11 0.0110991 0.0255115 0.999613
4.3e-11 0.0102703 0.0258911 0.999612
4.4e-11 0.00941985 0.0262106 0.999612
4.5e-11 0.00855195 0.0264687 0.999613
4.6e-11 0.00767104 0.0266646 0.999615
4.7e-11 0.00678154 0.0267978 0.999618
4.8e-11 0.0058879 0.026868 0.999622
4.9e-11 0.00499454 0.0268752 0.999626
5e-11 0.00410587 0.0268199 0.999632
5.1e-11 0.00322623 0.0267028 0.999638
5.2e-11 0.00235989 0.0265248 0.999645
5.3e-11 0.00151103 0.0262873 0.999653
5.4e-11 0.000683726 0.0259917 0.999662
5.5e-11 -0.000118102 0.02564 0.999671
5.6e-11 -0.00089067 0.0252342 0.999681
5.7e-11 -0.00163036 0.0247767 0.999692
5.8e-11 -0.00233376 0.0242702 0.999703
5.9e-11 -0.00299764 0.0237174 0.999714
6e-11 -0.00361898 0.0231213 0.999726
6.1e-11 -0.00419502 0.0224852 0.999738
6.2e-11 -0.00472321 0.0218126 0.999751
6.3e-11 -0.00520127 0.0211068 0.999764
6.4e-11 -0.00562718 0.0203717 0.999777
6.5e-11 -0.00599918 0.0196111 0.99979
6.6e-11 -0.00631581 0.0188289 0.999803
6.7e-11 -0.00657587 0.0180291 0.999816
6.8e-11 -0.00677845 0.0172157 0.999829
6.9e-11 -0.00692294 0.0163928 0.999842
7e-11 -0.00700902 0.0155647 0.999854
7.1e-11 -0.00703666 0.0147353 0.999867
7.2e-11 -0.00700609 0.0139088 0.999879
7.3e-11 -0.00691787 0.0130892 0.99989
7.4e-11 -0.00677282 0.0122806 0.999902
7.5e-11 -0.00657203 0.0114868 0.999912
7.6e-11 -0.00631685 0.0107117 0.999923
7.7e-11 -0.00600893 0.00995893 0.999932
7.8e-11 -0.00565011 0.00923211 0.999941
7.9e-11 -0.00524253 0.00853461 0.99995
8e-11 -0.0047885 0.0078697 0.999958
8.1e-11 -0.00429059 0.00724042 0.999965
8.2e-11 -0.00375154 0.00664965 0.999971
8.3e-11 -0.00317428 0.00610004 0.999976
8.4e-11 -0.00256193 0.00559402 0.999981
8.5e-11 -0.00191772 0.0051338 0.999985
8.6e-11 -0.00124507 0.00472133 0.999988
8.7e-11 -0.000547465 0.00435834 0.99999
8.8e-11 0.000171477 0.00404629 0.999992
8.9e-11 0.000908068 0.00378635 0.999992
9e-11 0.00165856 0.00357948 0.999992
9.1e-11 0.00241915 0.00342633 0.999991
9.2e-11 0.00318603 0.0033273 0.999989
9.3e-11 0.00395537 0.00328251 0.999987
9.4e-11 0.00472335 0.00329181 0.999983
9.5e-11 0.00548621 0.0033548 0.999979
9.6e-11 0.00624022 0.0034708 0.999975
9.7e-11 0.00698171 0.00363889 0.999969
9.8e-11 0.00770711 0.00385789 0.999963
9.9e-11 0.00841296 0.00412636 0.999956
1e-10 0.00909591 0.00444266 0.999949
1.01e-10 0.00975275 0.0048049 0.999941
1.02e-10 0.0103804 0.00521099 0.999933
1.03e-10 0.010976 0.00565863 0.999924
1.04e-10 0.0115368 0.00614532 0.999915
1.05e-10 0.0120602 0.00666842 0.999905
1.06e-10 0.012544 0.00722509 0.999895
1.07e-10 0.0129861 0.00781236 0.999885
1.08e-10 0.0133844 0.00842714 0.999875
1.09e-10 0.0137375 0.0090662 0.999865
1.1e-10 0.0140437 0.00972624 0.999854
1.11e-10 0.014302 0.0104038 0.999844
1.12e-10 0.0145114 0.0110956 0.999833
1.13e-10 0.0146712 0.0117979 0.999823
1.14e-10 0.0147809 0.0125074 0.999813
1.15e-10 0.0148403 0.0132203 0.999802
1.16e-10 0.0148495 0.0139333 0.999793
1.17e-10 0.0148088 0.0146428 0.999783
1.18e-10 0.0147187 0.0153452 0.999774
1.19e-10 0.01458 0.0160373 0.999765
1.2e-10 0.0143936 0.0167156 0.999757
1.21e-10 0.0141609 0.017377 0.999749
1.22e-10 0.0138833 0.0180182 0.999741
1.23e-10 0.0135624 0.0186362 0.999734
1.24e-10 0.0132002 0.0192283 0.999728
1.25e-10 0.0127986 0.0197915 0.999722
1.26e-10 0.0123601 0.0203233 0.999717
1.27e-10 0.0118868 0.0208214 0.999713
1.28e-10 0.0113815 0.0212835 0.999709
1.29e-10 0.0108468 0.0217075 0.999706
1.3e-10 0.0102855 0.0220917 0.999703
1.31e-10 0.00970061 0.0224343 0.999701
1.32e-10 0.00909517 0.0227341 0.9997
1.33e-10 0.00847228 0.0229897 0.9997
1.34e-10 0.00783513 0.0232003 0.9997
1.35e-10 0.00718695 0.0233651 0.999701
1.36e-10 0.00653102 0.0234836 0.999703
1.37e-10 0.00587061 0.0235555 0.999705
1.38e-10 0.00520901 0.0235808 0.999708
1.39e-10 0.00454948 0.0235597 0.999712
1.4e-10 0.00389527 0.0234925 0.999716
1.41e-10 0.00324956 0.02338 0.999721
1.42e-10 0.00261548 0.0232229 0.999727
1.43e-10 0.00199606 0.0230224 0.999733
1.44e-10 0.00139428 0.0227798 0.99974
1.45e-10 0.000812962 0.0224964 0.999747
1.46e-10 0.000254851 0.022174 0.999754
1.47e-10 -0.000277463 0.0218145 0.999762
1.48e-10 -0.000781528 0.0214198 0.99977
1.49e-10 -0.00125505 0.0209921 0.999779
1.5e-10 -0.0016959 0.0205337 0.999788
1.51e-10 -0.00210212 0.0200472 0.999797
1.52e-10 -0.00247194 0.0195351 0.999806
1.53e-10 -0.00280378 0.0190001 0.999816
1.54e-10 -0.00309626 0.018445 0.999825
1.55e-10 -0.0033482 0.0178726 0.999835
1.56e-10 -0.00355863 0.017286 0.999844
1.57e-10 -0.00372678 0.016688 0.999854
1.58e-10 -0.00385212 0.0160818 0.999863
1.59e-10 -0.00393431 0.0154702 0.999873
1.6e-10 -0.00397324 0.0148565 0.999882
1.61e-10 -0.00396899 0.0142437 0.999891
1.62e-10 -0.00392189 0.0136347 0.999899
1.63e-10 -0.00383244 0.0130325 0.999908
1.64e-10 -0.00370138 0.0124401 0.999916
1.65e-10 -0.00352963 0.0118603 0.999923
1.66e-10 -0.00331831 0.0112959 0.999931
1.67e-10 -0.00306872 0.0107495 0.999938
1.68e-10 -0.00278235 0.0102238 0.999944
1.69e-10 -0.00246086 0.00972125 0.99995
1.7e-10 -0.00210608 0.00924408 0.999955
1.71e-10 -0.00171996 0.0087945 0.99996
1.72e-10 -0.00130464 0.00837457 0.999964
1.73e-10 -0.000862344 0.00798614 0.999968
1.74e-10 -0.000395444 0.00763092 0.999971
1.75e-10 9.35955e-05 0.00731044 0.999973
1.76e-10 0.000602213 0.00702605 0.999975
1.77e-10 0.00112777 0.0067789 0.999976
1.78e-10 0.00166756 0.00656998 0.999977
1.79e-10 0.00221883 0.00640004 0.999977
1.8e-10 0.00277877 0.00626966 0.999976
1.81e-10 0.00334458 0.00617923 0.999975
1.82e-10 0.00391342 0.00612892 0.999974
1.83e-10 0.00448246 0.00611871 0.999971
1.84e-10 0.0050489 0.00614837 0.999968
1.85e-10 0.00560997 0.0062175 0.999965
1.86e-10 0.00616293 0.00632549 0.999961
1.87e-10 0.00670511 0.00647154 0.999957
1.88e-10 0.0072339 0.00665467 0.999952
1.89e-10 0.00774681 0.00687374 0.999946
1.9e-10 0.00824139 0.00712742 0.999941
1.91e-10 0.00871534 0.00741423 0.999935
1.92e-10 0.00916646 0.00773253 0.999928
1.93e-10 0.00959267 0.00808054 0.999921
1.94e-10 0.00999206 0.00845634 0.999914
1.95e-10 0.0103628 0.0088579 0.999907
1.96e-10 0.0107033 0.00928305 0.9999
1.97e-10 0.0110121 0.00972956 0.999892
1.98e-10 0.0112878 0.0101951 0.999884
1.99e-10 0.0115294 0.0106771 0.999877
2e-10 0.0117358 0.0111733 0.999869
2.01e-10 0.0119063 0.011681 0.999861
2.02e-10 0.0120403 0.0121977 0.999853
2.03e-10 0.0121373 0.0127208 0.999845
2.04e-10 0.0121972 0.0132476 0.999838
2.05e-10 0.0122199 0.0137755 0.99983
2.06e-10 0.0122055 0.0143019 0.999823
2.07e-10 0.0121544 0.0148242 0.999816
2.08e-10 0.012067 0.01534 0.99981
2.09e-10 0.011944 0.0158466 0.999803
2.1e-10 0.0117864 0.0163416 0.999797
2.11e-10 0.011595 0.0168228 0.999791
2.12e-10 0.0113711 0.0172877 0.999786
2.13e-10 0.0111159 0.0177343 0.999781
2.14e-10 0.010831 0.0181604 0.999776
2.15e-10 0.0105179 0.0185641 0.999772
2.16e-10 0.0101784 0.0189436 0.999769
2.17e-10 0.00981437 0.0192971 0.999766
2.18e-10 0.00942771 0.0196231 0.999763
2.19e-10 0.00902049 0.0199201 0.999761
2.2e-10 0.00859485 0.0201869 0.999759
2.21e-10 0.00815304 0.0204224 0.999758
2.22e-10 0.00769731 0.0206256 0.999758
2.23e-10 0.00723003 0.0207957 0.999758
2.24e-10 0.00675356 0.0209322 0.999758
2.25e-10 0.00627031 0.0210345 0.999759
2.26e-10 0.00578272 0.0211024 0.999761
2.27e-10 0.00529322 0.0211358 0.999763
2.28e-10 0.00480422 0.0211348 0.999765
2.29e-10 0.00431814 0.0210996 0.999768
2.3e-10 0.00383735 0.0210305 0.999771
2.31e-10 0.00336418 0.0209283 0.999775
2.32e-10 0.00290092 0.0207935 0.99978
2.33e-10 0.00244979 0.0206271 0.999784
2.34e-10 0.00201291 0.0204301 0.999789
2.35e-10 0.00159237 0.0202037 0.999795
2.36e-10 0.00119011 0.0199491 0.9998
2.37e-10 0.000807991 0.0196679 0.999806
2.38e-10 0.000447772 0.0193616 0.999812
2.39e-10 0.000111077 0.0190319 0.999819
2.4e-10 -0.000200592 0.0186806 0.999825
2.41e-10 -0.000485865 0.0183094 0.999832
2.42e-10 -0.000743513 0.0179205 0.999839
2.43e-10 -0.000972451 0.0175158 0.999846
2.44e-10 -0.00117174 0.0170974 0.999853
2.45e-10 -0.0013406 0.0166676 0.99986
2.46e-10 -0.0014784 0.0162284 0.999867
2.47e-10 -0.00158467 0.0157821 0.999874
2.48e-10 -0.00165909 0.015331 0.999881
2.49e-10 -0.00170152 0.0148773 0.999888
2.5e-10 -0.00171195 0.0144233 0.999895
2.51e-10 -0.00169056 0.0139711 0.999901
2.52e-10 -0.00163765 0.0135231 0.999907
2.53e-10 -0.0015537 0.0130814 0.999913
2.54e-10 -0.00143933 0.0126482 0.999919
2.55e-10 -0.00129531 0.0122255 0.999924
2.56e-10 -0.00112255 0.0118153 0.99993
2.57e-10 -0.000922096 0.0114196 0.999934
2.58e-10 -0.000695116 0.0110402 0.999939
2.59e-10 -0.000442908 0.0106789 0.999943
2.6e-10 -0.000166888 0.0103374 0.999947
2.61e-10 0.000131426 0.0100171 0.99995
2.62e-10 0.000450412 0.00971961 0.999953
2.63e-10 0.000788359 0.00944616 0.999955
2.64e-10 0.00114347 0.00919795 0.999957
2.65e-10 0.00151389 0.00897604 0.999959
2.66e-10 0.00189768 0.00878133 0.99996
2.67e-10 0.00229285 0.00861462 0.99996
2.68e-10 0.00269739 0.00847653 0.99996
2.69e-10 0.00310924 0.00836755 0.99996
2.7e-10 0.00352631 0.00828803 0.999959
2.71e-10 0.00394652 0.00823815 0.999958
2.72e-10 0.00436777 0.00821797 0.999957
2.73e-10 0.00478798 0.00822738 0.999955
2.74e-10 0.00520509 0.00826614 0.999952
2.75e-10 0.00561704 0.00833386 0.999949
2.76e-10 0.00602187 0.00843002 0.999946
2.77e-10 0.0064176 0.00855394 0.999943
2.78e-10 0.00680236 0.00870482 0.999939
2.79e-10 0.00717431 0.00888175 0.999935
2.8e-10 0.00753172 0.00908368 0.99993
2.81e-10 0.00787292 0.00930944 0.999926
2.82e-10 0.00819633 0.00955775 0.999921
2.83e-10 0.00850048 0.00982725 0.999916
2.84e-10 0.00878401 0.0101165 0.99991
2.85e-10 0.00904564 0.0104238 0.999905
2.86e-10 0.00928425 0.0107477 0.999899
2.87e-10 0.0094988 0.0110864 0.999893
2.88e-10 0.0096884 0.0114381 0.999888
2.89e-10 0.0098523 0.011801 0.999882
2.9e-10 0.00998984 0.0121733 0.999876
2.91e-10 0.0101005 0.0125531 0.99987
2.92e-10 0.010184 0.0129383 0.999864
2.93e-10 0.01024 0.0133272 0.999859
2.94e-10 0.0102686 0.0137177 0.999853
2.95e-10 0.0102696 0.014108 0.999848
2.96e-10 0.0102433 0.014496 0.999842
2.97e-10 0.01019 0.01488 0.999837
2.98e-10 0.0101101 0.015258 0.999832
2.99e-10 0.0100043 0.0156281 0.999828
3e-10 0.00987321 0.0159888 0.999823
3.01e-10 0.00971764 0.0163381 0.999819
3.02e-10 0.00953853 0.0166746 0.999815
3.03e-10 0.00933693 0.0169965 0.999812
3.04e-10 0.00911398 0.0173025 0.999809
3.05e-10 0.00887092 0.0175911 0.999806
3.06e-10 0.00860908 0.017861 0.999803
3.07e-10 0.00832988 0.018111 0.999801
3.08e-10 0.00803482 0.01834 0.9998
3.09e-10 0.00772546 0.0185471 0.999798
3.1e-10 0.00740341 0.0187313 0.999797
3.11e-10 0.00707034 0.0188919 0.999797
3.12e-10 0.00672798 0.0190282 0.999796
3.13e-10 0.00637807 0.0191398 0.999796
3.14e-10 0.00602239 0.0192263 0.999797
3.15e-10 0.00566272 0.0192874 0.999798
3.16e-10 0.00530088 0.019323 0.999799
3.17e-10 0.00493865 0.0193331 0.999801
3.18e-10 0.00457782 0.0193177 0.999803
3.19e-10 0.00422017 0.0192772 0.999805
3.2e-10 0.00386743 0.0192119 0.999808
3.21e-10 0.00352131 0.0191223 0.999811
3.22e-10 0.00318347 0.019009 0.999814
3.23e-10 0.00285553 0.0188728 0.999818
3.24e-10 0.00253902 0.0187144 0.999822
3.25e-10 0.00223544 0.0185347 0.999826
3.26e-10 0.00194619 0.0183349 0.99983
3.27e-10 0.00167261 0.018116 0.999834
3.28e-10 0.00141593 0.0178792 0.999839
3.29e-10 0.00117731 0.0176258 0.999844
3.3e-10 0.00095781 0.0173573 0.999849
3.31e-10 0.000758377 0.0170749 0.999854
3.32e-10 0.000579862 0.0167802 0.999859
3.33e-10 0.000423004 0.0164747 0.999864
3.34e-10 0.000288432 0.01616 0.999869
3.35e-10 0.00017666 0.0158378 0.999875
3.36e-10 8.80859e-05 0.0155096 0.99988
3.37e-10 2.29916e-05 0.0151771 0.999885
3.38e-10 -1.84593e-05 0.014842 0.99989
3.39e-10 -3.62209e-05 0.0145059 0.999895
3.4e-10 -3.03643e-05 0.0141706 0.9999
3.41e-10 -1.07669e-06 0.0138376 0.999904
3.42e-10 5.13407e-05 0.0135086 0.999909
3.43e-10 0.000126474 0.0131852 0.999913
3.44e-10 0.000223802 0.0128689 0.999917
3.45e-10 0.000342694 0.0125612 0.999921
3.46e-10 0.000482421 0.0122637 0.999925
3.47e-10 0.000642153 0.0119777 0.999928
3.48e-10 0.000820969 0.0117045 0.999931
3.49e-10 0.00101786 0.0114455 0.999934
3.5e-10 0.00123173 0.0112017 0.999937
3.51e-10 0.00146142 0.0109743 0.999939
3.52e-10 0.00170568 0.0107643 0.999941
3.53e-10 0.00196321 0.0105726 0.999942
3.54e-10 0.00223266 0.0104 0.999943
3.55e-10 0.00251262 0.0102473 0.999944
3.56e-10 0.00280163 0.0101151 0.999945
3.57e-10 0.0030982 0.0100039 0.999945
3.58e-10 0.00340084 0.00991404 0.999945
3.59e-10 0.00370799 0.00984591 0.999945
3.6e-10 0.00401813 0.00979968 0.999944
3.61e-10 0.00432969 0.00977541 0.999943
3.62e-10 0.00464114 0.00977309 0.999941
3.63e-10 0.00495093 0.00979257 0.99994
3.64e-10 0.00525756 0.00983362 0.999938
3.65e-10 0.00555953 0.00989588 0.999936
3.66e-10 0.00585538 0.00997892 0.999933
3.67e-10 0.0061437 0.0100822 0.99993
3.68e-10 0.00642311 0.010205 0.999927
3.69e-10 0.00669231 0.0103466 0.999924
3.7e-10 0.00695002 0.0105063 0.999921
3.71e-10 0.00719506 0.0106831 0.999917
3.72e-10 0.0074263 0.010876 0.999913
3.73e-10 0.0076427 0.0110839 0.999909
3.74e-10 0.00784329 0.0113058 0.999905
3.75e-10 0.00802719 0.0115404 0.999901
3.76e-10 0.0081936 0.0117865 0.999897
3.77e-10 0.00834182 0.0120428 0.999893
3.78e-10 0.00847124 0.012308 0.999888
3.79e-10 0.00858135 0.0125807 0.999884
3.8e-10 0.00867174 0.0128596 0.99988
3.81e-10 0.00874209 0.0131431 0.999875
3.82e-10 0.0087922 0.0134299 0.999871
3.83e-10 0.00882195 0.0137185 0.999867
3.84e-10 0.00883133 0.0140075 0.999863
3.85e-10 0.00882043 0.0142956 0.999859
3.86e-10 0.00878945 0.0145811 0.999855
3.87e-10 0.00873867 0.0148629 0.999851
3.88e-10 0.00866847 0.0151394 0.999848
3.89e-10 0.00857933 0.0154094 0.999844
3.9e-10 0.00847182 0.0156716 0.999841
3.91e-10 0.0083466 0.0159248 0.999838
3.92e-10 0.00820438 0.0161677 0.999836
3.93e-10 0.008046 0.0163993 0.999833
3.94e-10 0.00787234 0.0166184 0.999831
3.95e-10 0.00768437 0.0168241 0.999829
3.96e-10 0.00748309 0.0170155 0.999827
3.97e-10 0.0072696 0.0171916 0.999826
3.98e-10 0.00704502 0.0173518 0.999825
3.99e-10 0.00681054 0.0174954 0.999824
4e-10 0.00656739 0.0176217 0.999823
4.01e-10 0.00631681 0.0177303 0.999823
4.02e-10 0.0060601 0.0178207 0.999823
4.03e-10 0.00579855 0.0178926 0.999823
4.04e-10 0.0055335 0.0179458 0.999824
4.05e-10 0.00526626 0.0179801 0.999824
4.06e-10 0.00499818 0.0179956 0.999826
4.07e-10 0.00473058 0.0179922 0.999827
4.08e-10 0.00446477 0.0179701 0.999829
4.09e-10 0.00420206 0.0179295 0.99983
4.1e-10 0.00394371 0.0178708 0.999833
4.11e-10 0.00369097 0.0177943 0.999835
4.12e-10 0.00344505 0.0177006 0.999837
4.13e-10 0.00320712 0.0175903 0.99984
4.14e-10 0.0029783 0.0174639 0.999843
4.15e-10 0.00275964 0.0173223 0.999846
4.16e-10 0.00255217 0.0171662 0.999849
4.17e-10 0.00235682 0.0169965 0.999853
4.18e-10 0.00217449 0.0168141 0.999856
4.19e-10 0.00200598 0.01662 0.99986
4.2e-10 0.00185203 0.0164152 0.999864
4.21e-10 0.0017133 0.0162009 0.999867
4.22e-10 0.00159038 0.0159781 0.999871
4.23e-10 0.00148376 0.015748 0.999875
4.24e-10 0.00139386 0.0155118 0.999879
4.25e-10 0.00132101 0.0152706 0.999883
4.26e-10 0.00126546 0.0150258 0.999886
4.27e-10 0.00122736 0.0147785 0.99989
4.28e-10 0.00120679 0.01453 0.999894
4.29e-10 0.00120372 0.0142815 0.999897
4.3e-10 0.00121807 0.0140342 0.999901
4.31e-10 0.00124963 0.0137893 0.999904
4.32e-10 0.00129814 0.0135481 0.999907
4.33e-10 0.00136324 0.0133117 0.99991
4.34e-10 0.00144451 0.0130812 0.999913
4.35e-10 0.00154144 0.0128578 0.999916
4.36e-10 0.00165343 0.0126424 0.999919
4.37e-10 0.00177985 0.0124361 0.999921
4.38e-10 0.00191996 0.0122399 0.999923
4.39e-10 0.00207299 0.0120546 0.999925
4.4e-10 0.00223809 0.0118811 0.999927
4.41e-10 0.00241437 0.0117202 0.999928
4.42e-10 0.00260088 0.0115725 0.99993
4.43e-10 0.00279665 0.0114388 0.999931
4.44e-10 0.00300063 0.0113195 0.999931
4.45e-10 0.00321177 0.0112152 0.999932
4.46e-10 0.00342898 0.0111262 0.999932
4.47e-10 0.00365115 0.011053 0.999932
4.48e-10 0.00387715 0.0109958 0.999932
4.49e-10 0.00410583 0.0109547 0.999932
4.5e-10 0.00433606 0.0109298 0.999931
4.51e-10 0.00456669 0.0109212 0.99993
4.52e-10 0.00479658 0.0109288 0.999929
4.53e-10 0.0050246 0.0109524 0.999927
4.54e-10 0.00524963 0.0109919 0.999926
4.55e-10 0.0054706 0.0110469 0.999924
4.56e-10 0.00568643 0.011117 0.999922
4.57e-10 0.0058961 0.0112018 0.99992
4.58e-10 0.00609861 0.0113007 0.999918
4.59e-10 0.00629302 0.0114133 0.999915
4.6e-10 0.00647842 0.0115388 0.999912
4.61e-10 0.00665396 0.0116766 0.99991
4.62e-10 0.00681884 0.0118258 0.999907
4.63e-10 0.00697231 0.0119857 0.999904
4.64e-10 0.00711371 0.0121554 0.999901
4.65e-10 0.0072424 0.012334 0.999898
4.66e-10 0.00735785 0.0125206 0.999895
4.67e-10 0.00745956 0.0127142 0.999891
4.68e-10 0.00754715 0.0129138 0.999888
4.69e-10 0.00762026 0.0131183 0.999885
4.7e-10 0.00767863 0.0133267 0.999882
4.71e-10 0.00772208 0.0135381 0.999879
4.72e-10 0.00775049 0.0137512 0.999875
4.73e-10 0.00776382 0.0139651 0.999872
4.74e-10 0.00776211 0.0141786 0.999869
4.75e-10 0.00774547 0.0143908 0.999866
4.76e-10 0.00771408 0.0146006 0.999864
4.77e-10 0.00766819 0.014807 0.999861
4.78e-10 0.00760813 0.015009 0.999858
4.79e-10 0.00753428 0.0152056 0.999856
4.8e-10 0.00744712 0.0153959 0.999854
4.81e-10 0.00734714 0.0155789 0.999852
4.82e-10 0.00723494 0.0157539 0.99985
4.83e-10 0.00711115 0.0159201 0.999848
4.84e-10 0.00697646 0.0160766 0.999846
4.85e-10 0.0068316 0.0162228 0.999845
4.86e-10 0.00667735 0.016358 0.999844
4.87e-10 0.00651455 0.0164816 0.999843
4.88e-10 0.00634404 0.0165931 0.999842
4.89e-10 0.00616672 0.016692 0.999842
4.9e-10 0.00598352 0.016778 0.999841
4.91e-10 0.00579536 0.0168506 0.999841
4.92e-10 0.00560323 0.0169096 0.999841
4.93e-10 0.00540807 0.0169549 0.999842
4.94e-10 0.00521089 0.0169862 0.999842
4.95e-10 0.00501267 0.0170036 0.999843
4.96e-10 0.00481438 0.017007 0.999844
4.97e-10 0.00461701 0.0169965 0.999845
4.98e-10 0.00442152 0.0169722 0.999846
4.99e-10 0.00422887 0.0169344 0.999848
5e-10 0.00403999 0.0168834 0.999849
5.01e-10 0.00385577 0.0168194 0.999851
5.02e-10 0.0036771 0.0167429 0.999853
5.03e-10 0.00350483 0.0166544 0.999855
5.04e-10 0.00333975 0.0165543 0.999857
5.05e-10 0.00318263 0.0164432 0.99986
5.06e-10 0.0030342 0.0163218 0.999862
5.07e-10 0.00289512 0.0161908 0.999865
5.08e-10 0.00276603 0.0160507 0.999867
5.09e-10 0.00264749 0.0159025 0.99987
5.1e-10 0.00254 0.0157468 0.999873
5.11e-10 0.00244404 0.0155844 0.999876
5.12e-10 0.00236 0.0154164 0.999878
5.13e-10 0.0022882 0.0152434 0.999881
5.14e-10 0.00222892 0.0150664 0.999884
5.15e-10 0.00218238 0.0148863 0.999887
5.16e-10 0.0021487 0.0147039 0.99989
5.17e-10 0.00212798 0.0145203 0.999892
5.18e-10 0.00212023 0.0143363 0.999895
5.19e-10 0.0021254 0.0141528 0.999898
5.2e-10 0.00214338 0.0139708 0.9999
5.21e-10 0.00217399 0.0137911 0.999903
5.22e-10 0.002217 0.0136145 0.999905
5.23e-10 0.00227211 0.013442 0.999907
5.24e-10 0.00233897 0.0132744 0.999909
5.25e-10 0.00241717 0.0131124 0.999911
5.26e-10 0.00250625 0.0129568 0.999913
5.27e-10 0.0026057 0.0128084 0.999915
5.28e-10 0.00271495 0.0126678 0.999916
5.29e-10 0.00283341 0.0125356 0.999917
5.3e-10 0.00296042 0.0124125 0.999919
5.31e-10 0.00309531 0.012299 0.99992
5.32e-10 0.00323736 0.0121957 0.99992
5.33e-10 0.00338581 0.0121028 0.999921
5.34e-10 0.0035399 0.0120209 0.999921
5.35e-10 0.00369881 0.0119502 0.999922
5.36e-10 0.00386175 0.0118911 0.999922
5.37e-10 0.00402788 0.0118437 0.999922
5.38e-10 0.00419636 0.0118082 0.999921
5.39e-10 0.00436633 0.0117847 0.999921
5.4e-10 0.00453696 0.0117733 0.99992
5.41e-10 0.0047074 0.0117738 0.99992
5.42e-10 0.00487681 0.0117863 0.999919
5.43e-10 0.00504436 0.0118105 0.999918
5.44e-10 0.00520924 0.0118464 0.999916
5.45e-10 0.00537065 0.0118935 0.999915
5.46e-10 0.00552782 0.0119517 0.999913
5.47e-10 0.00568 0.0120206 0.999912
5.48e-10 0.00582648 0.0120996 0.99991
5.49e-10 0.00596657 0.0121885 0.999908
5.5e-10 0.00609963 0.0122867 0.999906
5.51e-10 0.00622504 0.0123936 0.999904
5.52e-10 0.00634225 0.0125086 0.999902
5.53e-10 0.00645072 0.0126312 0.999899
5.54e-10 0.00654999 0.0127607 0.999897
5.55e-10 0.00663961 0.0128963 0.999895
5.56e-10 0.00671923 0.0130374 0.999892
5.57e-10 0.0067885 0.0131833 0.99989
5.58e-10 0.00684717 0.0133332 0.999888
5.59e-10 0.006895 0.0134863 0.999885
5.6e-10 0.00693185 0.0136419 0.999883
5.61e-10 0.0069576 0.0137991 0.999881
5.62e-10 0.00697219 0.0139572 0.999878
5.63e-10 0.00697564 0.0141155 0.999876
5.64e-10 0.00696799 0.014273 0.999874
5.65e-10 0.00694937 0.0144291 0.999872
5.66e-10 0.00691994 0.014583 0.99987
5.67e-10 0.00687991 0.0147339 0.999868
5.68e-10 0.00682955 0.0148811 0.999866
5.69e-10 0.00676919 0.015024 0.999864
5.7e-10 0.00669918 0.0151618 0.999863
5.71e-10 0.00661993 0.0152939 0.999861
5.72e-10 0.00653191 0.0154197 0.99986
5.73e-10 0.00643559 0.0155386 0.999859
5.74e-10 0.00633152 0.0156501 0.999857
5.75e-10 0.00622026 0.0157536 0.999857
5.76e-10 0.00610239 0.0158488 0.999856
5.77e-10 0.00597856 0.0159351 0.999855
5.78e-10 0.00584941 0.0160123 0.999855
5.79e-10 0.0057156 0.01608 0.999854
5.8e-10 0.00557784 0.0161379 0.999854
5.81e-10 0.00543683 0.0161859 0.999854
5.82e-10 0.00529328 0.0162237 0.999854
5.83e-10 0.00514792 0.0162513 0.999855
5.84e-10 0.00500148 0.0162685 0.999855
5.85e-10 0.00485468 0.0162754 0.999856
5.86e-10 0.00470826 0.016272 0.999857
5.87e-10 0.00456293 0.0162583 0.999857
5.88e-10 0.0044194 0.0162346 0.999858
5.89e-10 0.00427837 0.0162009 0.99986
5.9e-10 0.00414052 0.0161576 0.999861
5.91e-10 0.00400649 0.0161049 0.999862
5.92e-10 0.00387694 0.0160431 0.999864
5.93e-10 0.00375246 0.0159726 0.999865
5.94e-10 0.00363364 0.0158938 0.999867
5.95e-10 0.00352102 0.0158072 0.999869
5.96e-10 0.00341512 0.0157132 0.999871
5.97e-10 0.00331641 0.0156123 0.999873
5.98e-10 0.00322534 0.0155051 0.999875
5.99e-10 0.0031423 0.0153921 0.999877
6e-10 0.00306764 0.015274 0.999879
6.01e-10 0.00300168 0.0151514 0.999881
6.02e-10 0.00294469 0.0150249 0.999883
6.03e-10 0.00289688 0.0148951 0.999885
6.04e-10 0.00285844 0.0147627 0.999887
6.05e-10 0.00282948 0.0146284 0.999889
6.06e-10 0.00281008 0.0144928 0.999891
6.07e-10 0.00280028 0.0143567 0.999893
6.08e-10 0.00280007 0.0142207 0.999895
6.09e-10 0.00280937 0.0140855 0.999897
6.1e-10 0.00282808 0.0139517 0.999899
6.11e-10 0.00285604 0.01382 0.9999
6.12e-10 0.00289305 0.013691 0.999902
6.13e-10 0.00293888 0.0135653 0.999904
6.14e-10 0.00299323 0.0134436 0.999905
6.15e-10 0.00305578 0.0133264 0.999907
6.16e-10 0.00312616 0.0132143 0.999908
6.17e-10 0.00320398 0.0131077 0.999909
6.18e-10 0.00328881 0.0130073 0.99991
6.19e-10 0.00338017 0.0129133 0.999911
6.2e-10 0.00347757 0.0128262 0.999912
6.21e-10 0.0035805 0.0127465 0.999912
6.22e-10 0.00368841 0.0126745 0.999913
6.23e-10 0.00380073 0.0126104 0.999913
6.24e-10 0.00391688 0.0125546 0.999914
6.25e-10 0.00403626 0.0125072 0.999914
6.26e-10 0.00415826 0.0124684 0.999914
6.27e-10 0.00428226 0.0124384 0.999913
6.28e-10 0.00440764 0.0124173 0.999913
6.29e-10 0.00453377 0.012405 0.999913
6.3e-10 0.00466002 0.0124017 0.999912
6.31e-10 0.00478577 0.0124072 0.999912
6.32e-10 0.00491041 0.0124214 0.999911
6.33e-10 0.00503332 0.0124443 0.99991
6.34e-10 0.00515391 0.0124757 0.999909
6.35e-10 0.00527161 0.0125153 0.999908
6.36e-10 0.00538584 0.012563 0.999907
6.37e-10 0.00549608 0.0126183 0.999905
6.38e-10 0.00560181 0.0126811 0.999904
6.39e-10 0.00570253 0.0127508 0.999902
6.4e-10 0.00579778 0.0128272 0.999901
6.41e-10 0.00588713 0.0129099 0.999899
6.42e-10 0.00597018 0.0129983 0.999898
6.43e-10 0.00604655 0.013092 0.999896
6.44e-10 0.00611593 0.0131905 0.999894
6.45e-10 0.00617801 0.0132932 0.999893
6.46e-10 0.00623254 0.0133998 0.999891
6.47e-10 0.0062793 0.0135095 0.999889
6.48e-10 0.00631811 0.0136218 0.999887
6.49e-10 0.00634884 0.0137362 0.999885
6.5e-10 0.00637137 0.0138521 0.999884
6.51e-10 0.00638567 0.0139689 0.999882
6.52e-10 0.00639172 0.014086 0.99988
6.53e-10 0.00638953 0.0142029 0.999879
6.54e-10 0.00637918 0.0143189 0.999877
6.55e-10 0.00636077 0.0144335 0.999876
6.56e-10 0.00633445 0.0145462 0.999874
6.57e-10 0.0063004 0.0146564 0.999873
6.58e-10 0.00625884 0.0147635 0.999871
6.59e-10 0.00621003 0.0148672 0.99987
6.6e-10 0.00615425 0.0149668 0.999869
6.61e-10 0.00609182 0.0150619 0.999868
6.62e-10 0.0060231 0.0151521 0.999867
6.63e-10 0.00594848 0.0152369 0.999866
6.64e-10 0.00586835 0.0153161 0.999865
6.65e-10 0.00578315 0.0153891 0.999865
6.66e-10 0.00569333 0.0154558 0.999864
6.67e-10 0.00559937 0.0155159 0.999864
6.68e-10 0.00550175 0.0155689 0.999864
6.69e-10 0.00540099 0.0156149 0.999863
6.7e-10 0.0052976 0.0156535 0.999863
6.71e-10 0.00519211 0.0156847 0.999864
6.72e-10 0.00508506 0.0157083 0.999864
6.73e-10 0.00497697 0.0157243 0.999864
6.74e-10 0.00486839 0.0157327 0.999864
6.75e-10 0.00475986 0.0157333 0.999865
6.76e-10 0.00465192 0.0157264 0.999866
6.77e-10 0.00454509 0.015712 0.999866
6.78e-10 0.00443988 0.0156902 0.999867
6.79e-10 0.00433682 0.0156612 0.999868
6.8e-10 0.00423639 0.0156251 0.999869
6.81e-10 0.00413907 0.0155822 0.99987
6.82e-10 0.00404531 0.0155327 0.999871
6.83e-10 0.00395557 0.015477 0.999872
6.84e-10 0.00387024 0.0154153 0.999874
6.85e-10 0.00378973 0.015348 0.999875
6.86e-10 0.0037144 0.0152754 0.999876
6.87e-10 0.00364458 0.015198 0.999878
6.88e-10 0.00358058 0.0151162 0.999879
6.89e-10 0.00352268 0.0150304 0.999881
6.9e-10 0.00347112 0.014941 0.999882
6.91e-10 0.00342612 0.0148485 0.999884
6.92e-10 0.00338785 0.0147534 0.999885
6.93e-10 0.00335645 0.0146562 0.999887
6.94e-10 0.00333204 0.0145574 0.999888
6.95e-10 0.00331469 0.0144574 0.99989
6.96e-10 0.00330443 0.0143568 0.999891
6.97e-10 0.00330127 0.0142561 0.999893
6.98e-10 0.00330518 0.0141557 0.999894
6.99e-10 0.00331609 0.0140562 0.999896
7e-10 0.00333389 0.013958 0.999897
7.01e-10 0.00335847 0.0138617 0.999898
7.02e-10 0.00338964 0.0137676 0.999899
7.03e-10 0.00342721 0.0136763 0.999901
7.04e-10 0.00347095 0.0135881 0.999902
7.05e-10 0.00352061 0.0135035 0.999903
7.06e-10 0.0035759 0.0134228 0.999904
7.07e-10 0.00363652 0.0133465 0.999904
7.08e-10 0.00370211 0.0132749 0.999905
7.09e-10 0.00377234 0.0132083 0.999906
7.1e-10 0.00384682 0.013147 0.999906
7.11e-10 0.00392515 0.0130913 0.999907
7.12e-10 0.00400693 0.0130413 0.999907
7.13e-10 0.00409173 0.0129974 0.999907
7.14e-10 0.00417911 0.0129597 0.999907
7.15e-10 0.00426862 0.0129283 0.999907
7.16e-10 0.0043598 0.0129033 0.999907
7.17e-10 0.0044522 0.0128849 0.999907
7.18e-10 0.00454535 0.012873 0.999907
7.19e-10 0.00463879 0.0128678 0.999906
7.2e-10 0.00473205 0.0128691 0.999906
7.21e-10 0.00482468 0.0128769 0.999905
7.22e-10 0.00491622 0.0128911 0.999905
7.23e-10 0.00500623 0.0129117 0.999904
7.24e-10 0.00509428 0.0129385 0.999903
7.25e-10 0.00517995 0.0129712 0.999902
7.26e-10 0.00526282 0.0130098 0.999902
7.27e-10 0.00534251 0.0130539 0.999901
7.28e-10 0.00541865 0.0131034 0.999899
7.29e-10 0.00549088 0.0131579 0.999898
7.3e-10 0.00555889 0.0132171 0.999897
7.31e-10 0.00562235 0.0132807 0.999896
7.32e-10 0.00568099 0.0133485 0.999895
7.33e-10 0.00573455 0.0134199 0.999894
7.34e-10 0.0057828 0.0134946 0.999892
7.35e-10 0.00582553 0.0135723 0.999891
7.36e-10 0.00586259 0.0136526 0.99989
7.37e-10 0.00589381 0.0137349 0.999888
7.38e-10 0.00591909 0.013819 0.999887
7.39e-10 0.00593834 0.0139043 0.999886
7.4e-10 0.00595151 0.0139905 0.999884
7.41e-10 0.00595857 0.0140771 0.999883
7.42e-10 0.00595952 0.0141637 0.999882
7.43e-10 0.00595442 0.0142499 0.999881
7.44e-10 0.00594331 0.0143352 0.99988
7.45e-10 0.0059263 0.0144193 0.999878
7.46e-10 0.00590351 0.0145016 0.999877
7.47e-10 0.00587509 0.0145819 0.999876
7.48e-10 0.00584122 0.0146597 0.999875
7.49e-10 0.0058021 0.0147347 0.999875
7.5e-10 0.00575796 0.0148065 0.999874
7.51e-10 0.00570905 0.0148749 0.999873
7.52e-10 0.00565565 0.0149394 0.999872
7.53e-10 0.00559804 0.0149997 0.999872
7.54e-10 0.00553654 0.0150558 0.999871
7.55e-10 0.00547149 0.0151071 0.999871
7.56e-10 0.00540322 0.0151537 0.999871
7.57e-10 0.00533209 0.0151951 0.99987
7.58e-10 0.00525847 0.0152314 0.99987
7.59e-10 0.00518274 0.0152623 0.99987
7.6e-10 0.00510529 0.0152877 0.99987
7.61e-10 0.00502652 0.0153076 0.99987
7.62e-10 0.00494681 0.0153218 0.99987
7.63e-10 0.00486657 0.0153304 0.999871
7.64e-10 0.0047862 0.0153333 0.999871
7.65e-10 0.0047061 0.0153305 0.999871
7.66e-10 0.00462665 0.0153222 0.999872
7.67e-10 0.00454825 0.0153084 0.999872
7.68e-10 0.00447127 0.0152891 0.999873
7.69e-10 0.00439609 0.0152646 0.999874
7.7e-10 0.00432306 0.015235 0.999875
7.71e-10 0.00425252 0.0152004 0.999875
7.72e-10 0.00418482 0.0151611 0.999876
7.73e-10 0.00412026 0.0151173 0.999877
7.74e-10 0.00405915 0.0150692 0.999878
7.75e-10 0.00400175 0.0150171 0.999879
7.76e-10 0.00394833 0.0149613 0.99988
7.77e-10 0.00389912 0.0149021 0.999881
7.78e-10 0.00385435 0.0148398 0.999882
7.79e-10 0.00381419 0.0147748 0.999884
7.8e-10 0.00377882 0.0147073 0.999885
7.81e-10 0.00374837 0.0146377 0.999886
7.82e-10 0.00372298 0.0145664 0.999887
7.83e-10 0.00370272 0.0144937 0.999888
7.84e-10 0.00368766 0.0144201 0.999889
7.85e-10 0.00367784 0.0143458 0.99989
7.86e-10 0.00367328 0.0142712 0.999891
7.87e-10 0.00367397 0.0141968 0.999892
7.88e-10 0.00367985 0.0141229 0.999893
7.89e-10 0.00369088 0.0140498 0.999894
7.9e-10 0.00370695 0.0139778 0.999895
7.91e-10 0.00372797 0.0139075 0.999896
7.92e-10 0.00375378 0.013839 0.999897
7.93e-10 0.00378424 0.0137727 0.999898
7.94e-10 0.00381915 0.013709 0.999899
7.95e-10 0.00385833 0.013648 0.999899
7.96e-10 0.00390154 0.0135902 0.9999
7.97e-10 0.00394855 0.0135357 0.999901
7.98e-10 0.00399909 0.0134848 0.999901
7.99e-10 0.00405291 0.0134377 0.999901
8e-10 0.0041097 0.0133947 0.999902
8.01e-10 0.00416917 0.0133559 0.999902
8.02e-10 0.00423101 0.0133215 0.999902
8.03e-10 0.0042949 0.0132917 0.999902
8.04e-10 0.0043605 0.0132664 0.999902
8.05e-10 0.00442749 0.0132459 0.999902
8.06e-10 0.00449552 0.0132302 0.999902
8.07e-10 0.00456425 0.0132194 0.999902
8.08e-10 0.00463334 0.0132134 0.999902
8.09e-10 0.00470245 0.0132124 0.999902
8.1e-10 0.00477123 0.0132161 0.999901
8.11e-10 0.00483935 0.0132246 0.999901
8.12e-10 0.00490647 0.0132379 0.9999
8.13e-10 0.00497228 0.0132558 0.9999
8.14e-10 0.00503645 0.0132781 0.999899
8.15e-10 0.00509868 0.0133049 0.999898
8.16e-10 0.00515868 0.0133358 0.999898
8.17e-10 0.00521616 0.0133708 0.999897
8.18e-10 0.00527087 0.0134095 0.999896
8.19e-10 0.00532254 0.0134519 0.999895
8.2e-10 0.00537095 0.0134976 0.999894
8.21e-10 0.00541588 0.0135465 0.999894
8.22e-10 0.00545712 0.0135982 0.999893
8.23e-10 0.00549451 0.0136525 0.999892
8.24e-10 0.00552788 0.0137091 0.999891
8.25e-10 0.00555709 0.0137678 0.99989
8.26e-10 0.00558204 0.0138281 0.999889
8.27e-10 0.00560261 0.0138898 0.999888
8.28e-10 0.00561875 0.0139526 0.999887
8.29e-10 0.00563041 0.0140161 0.999886
8.3e-10 0.00563754 0.0140801 0.999885
8.31e-10 0.00564016 0.0141442 0.999884
8.32e-10 0.00563828 0.0142082 0.999883
8.33e-10 0.00563194 0.0142716 0.999882
8.34e-10 0.00562119 0.0143342 0.999881
8.35e-10 0.00560612 0.0143957 0.999881
8.36e-10 0.00558684 0.0144558 0.99988
8.37e-10 0.00556347 0.0145142 0.999879
8.38e-10 0.00553615 0.0145706 0.999879
8.39e-10 0.00550504 0.0146248 0.999878
8.4e-10 0.00547032 0.0146765 0.999877
8.41e-10 0.00543219 0.0147254 0.999877
8.42e-10 0.00539085 0.0147714 0.999876
8.43e-10 0.00534654 0.0148143 0.999876
8.44e-10 0.00529948 0.0148537 0.999876
8.45e-10 0.00524994 0.0148897 0.999875
8.46e-10 0.00519817 0.014922 0.999875
8.47e-10 0.00514444 0.0149505 0.999875
8.48e-10 0.00508903 0.014975 0.999875
8.49e-10 0.00503223 0.0149956 0.999875
8.5e-10 0.00497432 0.015012 0.999875
8.51e-10 0.0049156 0.0150243 0.999875
8.52e-10 0.00485635 0.0150324 0.999875
8.53e-10 0.00479689 0.0150363 0.999875
8.54e-10 0.0047375 0.0150361 0.999876
8.55e-10 0.00467847 0.0150317 0.999876
8.56e-10 0.00462009 0.0150231 0.999876
8.57e-10 0.00456265 0.0150106 0.999877
8.58e-10 0.00450642 0.0149941 0.999877
8.59e-10 0.00445168 0.0149737 0.999878
8.6e-10 0.00439867 0.0149497 0.999879
8.61e-10 0.00434766 0.0149221 0.999879
8.62e-10 0.00429888 0.014891 0.99988
8.63e-10 0.00425255 0.0148568 0.999881
8.64e-10 0.00420889 0.0148195 0.999881
8.65e-10 0.00416809 0.0147793 0.999882
8.66e-10 0.00413034 0.0147366 0.999883
8.67e-10 0.0040958 0.0146914 0.999884
8.68e-10 0.00406462 0.0146441 0.999885
8.69e-10 0.00403694 0.0145949 0.999885
8.7e-10 0.00401285 0.014544 0.999886
8.71e-10 0.00399247 0.0144918 0.999887
8.72e-10 0.00397586 0.0144384 0.999888
8.73e-10 0.00396309 0.0143842 0.999889
8.74e-10 0.00395418 0.0143294 0.99989
8.75e-10 0.00394916 0.0142743 0.99989
8.76e-10 0.00394802 0.0142191 0.999891
8.77e-10 0.00395075 0.0141642 0.999892
8.78e-10 0.00395731 0.0141098 0.999893
8.79e-10 0.00396763 0.0140562 0.999893
8.8e-10 0.00398164 0.0140036 0.999894
8.81e-10 0.00399925 0.0139523 0.999895
8.82e-10 0.00402035 0.0139026 0.999895
8.83e-10 0.00404481 0.0138546 0.999896
8.84e-10 0.00407248 0.0138086 0.999896
8.85e-10 0.00410321 0.0137648 0.999897
8.86e-10 0.00413683 0.0137234 0.999897
8.87e-10 0.00417314 0.0136846 0.999898
8.88e-10 0.00421196 0.0136485 0.999898
8.89e-10 0.00425308 0.0136154 0.999898
8.9e-10 0.00429627 0.0135854 0.999898
8.91e-10 0.00434132 0.0135585 0.999899
8.92e-10 0.00438798 0.013535 0.999899
8.93e-10 0.00443601 0.0135149 0.999899
8.94e-10 0.00448518 0.0134982 0.999899
8.95e-10 0.00453522 0.0134851 0.999899
8.96e-10 0.00458589 0.0134755 0.999899
8.97e-10 0.00463693 0.0134696 0.999899
8.98e-10 0.0046881 0.0134673 0.999898
8.99e-10 0.00473912 0.0134685 0.999898
9e-10 0.00478976 0.0134734 0.999898
9.01e-10 0.00483977 0.0134817 0.999897
9.02e-10 0.00488891 0.0134935 0.999897
9.03e-10 0.00493693 0.0135086 0.999897
9.04e-10 0.00498362 0.0135271 0.999896
9.05e-10 0.00502874 0.0135487 0.999896
9.06e-10 0.00507209 0.0135733 0.999895
9.07e-10 0.00511346 0.0136008 0.999894
9.08e-10 0.00515267 0.013631 0.999894
9.09e-10 0.00518953 0.0136638 0.999893
9.1e-10 0.00522388 0.013699 0.999893
9.11e-10 0.00525557 0.0137364 0.999892
9.12e-10 0.00528446 0.0137758 0.999891
9.13e-10 0.00531043 0.013817 0.99989
9.14e-10 0.00533336 0.0138598 0.99989
9.15e-10 0.00535316 0.0139039 0.999889
9.16e-10 0.00536976 0.0139492 0.999888
9.17e-10 0.0053831 0.0139953 0.999888
9.18e-10 0.00539314 0.0140421 0.999887
9.19e-10 0.00539983 0.0140894 0.999886
9.2e-10 0.00540319 0.0141368 0.999885
9.21e-10 0.0054032 0.0141842 0.999885
9.22e-10 0.0053999 0.0142313 0.999884
9.23e-10 0.00539332 0.014278 0.999884
9.24e-10 0.00538352 0.0143238 0.999883
9.25e-10 0.00537057 0.0143688 0.999882
9.26e-10 0.00535454 0.0144125 0.999882
9.27e-10 0.00533555 0.0144549 0.999881
9.28e-10 0.0053137 0.0144957 0.999881
9.29e-10 0.00528912 0.0145348 0.99988
9.3e-10 0.00526196 0.0145719 0.99988
9.31e-10 0.00523235 0.0146069 0.99988
9.32e-10 0.00520048 0.0146396 0.999879
9.33e-10 0.0051665 0.0146699 0.999879
9.34e-10 0.00513059 0.0146976 0.999879
9.35e-10 0.00509296 0.0147226 0.999879
9.36e-10 0.00505379 0.0147449 0.999879
9.37e-10 0.00501329 0.0147643 0.999878
9.38e-10 0.00497167 0.0147808 0.999878
9.39e-10 0.00492914 0.0147943 0.999878
9.4e-10 0.00488592 0.0148047 0.999878
9.41e-10 0.00484222 0.014812 0.999879
9.42e-10 0.00479826 0.0148162 0.999879
9.43e-10 0.00475426 0.0148173 0.999879
9.44e-10 0.00471044 0.0148153 0.999879
9.45e-10 0.00466702 0.0148103 0.999879
9.46e-10 0.00462419 0.0148023 0.99988
9.47e-10 0.00458218 0.0147913 0.99988
9.48e-10 0.00454119 0.0147774 0.99988
9.49e-10 0.0045014 0.0147608 0.999881
9.5e-10 0.004463 0.0147415 0.999881
9.51e-10 0.00442619 0.0147195 0.999882
9.52e-10 0.00439112 0.0146952 0.999882
9.53e-10 0.00435796 0.0146685 0.999883
9.54e-10 0.00432685 0.0146397 0.999883
9.55e-10 0.00429795 0.0146088 0.999884
9.56e-10 0.00427137 0.0145762 0.999885
9.57e-10 0.00424724 0.0145418 0.999885
9.58e-10 0.00422564 0.014506 0.999886
9.59e-10 0.00420669 0.0144688 0.999886
9.6e-10 0.00419044 0.0144306 0.999887
9.61e-10 0.00417696 0.0143914 0.999888
9.62e-10 0.0041663 0.0143515 0.999888
9.63e-10 0.00415849 0.0143111 0.999889
9.64e-10 0.00415356 0.0142704 0.99989
9.65e-10 0.0041515 0.0142296 0.99989
9.66e-10 0.00415232 0.0141889 0.999891
9.67e-10 0.00415597 0.0141484 0.999891
9.68e-10 0.00416243 0.0141085 0.999892
9.69e-10 0.00417166 0.0140692 0.999892
9.7e-10 0.00418357 0.0140309 0.999893
9.71e-10 0.0041981 0.0139935 0.999893
9.72e-10 0.00421515 0.0139575 0.999894
9.73e-10 0.00423464 0.0139228 0.999894
9.74e-10 0.00425643 0.0138896 0.999894
9.75e-10 0.00428042 0.0138582 0.999895
9.76e-10 0.00430646 0.0138287 0.999895
9.77e-10 0.00433442 0.0138012 0.999895
9.78e-10 0.00436414 0.0137757 0.999896
9.79e-10 0.00439548 0.0137525 0.999896
9.8e-10 0.00442825 0.0137316 0.999896
9.81e-10 0.00446229 0.0137132 0.999896
9.82e-10 0.00449742 0.0136972 0.999896
9.83e-10 0.00453347 0.0136838 0.999896
9.84e-10 0.00457025 0.013673 0.999896
9.85e-10 0.00460757 0.0136648 0.999896
9.86e-10 0.00464524 0.0136593 0.999896
9.87e-10 0.00468309 0.0136564 0.999896
9.88e-10 0.00472091 0.0136562 0.999896
9.89e-10 0.00475852 0.0136587 0.999895
9.9e-10 0.00479575 0.0136637 0.999895
9.91e-10 0.0048324 0.0136714 0.999895
9.92e-10 0.0048683 0.0136816 0.999895
9.93e-10 0.00490329 0.0136942 0.999894
9.94e-10 0.00493719 0.0137092 0.999894
9.95e-10 0.00496984 0.0137265 0.999893
9.96e-10 0.00500109 0.0137459 0.999893
9.97e-10 0.00503079 0.0137675 0.999893
9.98e-10 0.00505882 0.0137909 0.999892
9.99e-10 0.00508504 0.0138163 0.999892
1e-09 0.00510934 0.0138433 0.999891
1.001e-09 0.00513161 0.0138718 0.999891
1.002e-09 0.00515175 0.0139017 0.99989
1.003e-09 0.00516967 0.0139329 0.99989
1.004e-09 0.00518531 0.0139652 0.999889
1.005e-09 0.00519861 0.0139983 0.999889
1.006e-09 0.00520951 0.0140322 0.999888
1.007e-09 0.00521797 0.0140667 0.999887
1.008e-09 0.00522397 0.0141015 0.999887
1.009e-09 0.0052275 0.0141366 0.999886
1.01e-09 0.00522856 0.0141717 0.999886
1.011e-09 0.00522715 0.0142066 0.999885
1.012e-09 0.00522331 0.0142413 0.999885
1.013e-09 0.00521706 0.0142755 0.999884
1.014e-09 0.00520845 0.0143091 0.999884
1.015e-09 0.00519755 0.0143419 0.999884
1.016e-09 0.00518442 0.0143737 0.999883
1.017e-09 0.00516913 0.0144044 0.999883
1.018e-09 0.00515179 0.0144338 0.999883
1.019e-09 0.00513249 0.0144619 0.999882
1.02e-09 0.00511133 0.0144885 0.999882
1.021e-09 0.00508844 0.0145134 0.999882
1.022e-09 0.00506394 0.0145366 0.999882
1.023e-09 0.00503796 0.0145579 0.999881
1.024e-09 0.00501064 0.0145773 0.999881
1.025e-09 0.00498212 0.0145947 0.999881
1.026e-09 0.00495255 0.0146099 0.999881
1.027e-09 0.00492208 0.0146231 0.999881
1.028e-09 0.00489088 0.014634 0.999881
1.029e-09 0.00485909 0.0146426 0.999881
1.03e-09 0.00482688 0.014649 0.999881
1.031e-09 0.00479442 0.0146531 0.999881
1.032e-09 0.00476185 0.0146549 0.999881
1.033e-09 0.00472936 0.0146544 0.999881
1.034e-09 0.00469708 0.0146516 0.999882
1.035e-09 0.00466519 0.0146466 0.999882
1.036e-09 0.00463383 0.0146394 0.999882
1.037e-09 0.00460316 0.0146301 0.999882
1.038e-09 0.00457332 0.0146186 0.999883
1.039e-09 0.00454445 0.0146051 0.999883
1.04e-09 0.0045167 0.0145897 0.999883
1.041e-09 0.00449019 0.0145724 0.999884
1.042e-09 0.00446504 0.0145534 0.999884
1.043e-09 0.00444137 0.0145328 0.999885
1.044e-09 0.00441928 0.0145105 0.999885
1.045e-09 0.00439887 0.0144869 0.999885
1.046e-09 0.00438024 0.014462 0.999886
1.047e-09 0.00436346 0.0144359 0.999886
1.048e-09 0.0043486 0.0144088 0.999887
1.049e-09 0.00433572 0.0143809 0.999887
1.05e-09 0.00432487 0.0143522 0.999888
1.051e-09 0.0043161 0.0143229 0.999888
1.052e-09 0.00430942 0.0142931 0.999889
1.053e-09 0.00430487 0.0142631 0.999889
1.054e-09 0.00430245 0.0142329 0.999889
1.055e-09 0.00430215 0.0142027 0.99989
1.056e-09 0.00430397 0.0141727 0.99989
1.057e-09 0.00430788 0.0141429 0.999891
1.058e-09 0.00431384 0.0141137 0.999891
1.059e-09 0.00432182 0.014085 0.999891
1.06e-09 0.00433176 0.014057 0.999892
1.061e-09 0.00434359 0.0140299 0.999892
1.062e-09 0.00435726 0.0140038 0.999892
1.063e-09 0.00437267 0.0139788 0.999893
1.064e-09 0.00438975 0.013955 0.999893
1.065e-09 0.00440839 0.0139325 0.999893
1.066e-09 0.00442849 0.0139115 0.999893
1.067e-09 0.00444994 0.013892 0.999894
1.068e-09 0.00447264 0.0138741 0.999894
1.069e-09 0.00449645 0.013858 0.999894
1.07e-09 0.00452126 0.0138435 0.999894
1.071e-09 0.00454693 0.0138309 0.999894
1.072e-09 0.00457333 0.0138202 0.999894
1.073e-09 0.00460033 0.0138114 0.999894
1.074e-09 0.00462779 0.0138045 0.999894
1.075e-09 0.00465558 0.0137996 0.999894
1.076e-09 0.00468354 0.0137966 0.999894
1.077e-09 0.00471155 0.0137956 0.999894
1.078e-09 0.00473947 0.0137966 0.999894
1.079e-09 0.00476715 0.0137996 0.999893
1.08e-09 0.00479447 0.0138044 0.999893
1.081e-09 0.00482129 0.0138112 0.999893
1.082e-09 0.00484748 0.0138197 0.999893
1.083e-09 0.00487291 0.0138301 0.999892
1.084e-09 0.00489748 0.0138422 0.999892
1.085e-09 0.00492106 0.0138559 0.999892
1.086e-09 0.00494353 0.0138712 0.999892
1.087e-09 0.00496481 0.013888 0.999891
1.088e-09 0.00498479 0.0139061 0.999891
1.089e-09 0.00500338 0.0139256 0.999891
1.09e-09 0.0050205 0.0139463 0.99989
1.091e-09 0.00503608 0.013968 0.99989
1.092e-09 0.00505005 0.0139907 0.999889
1.093e-09 0.00506234 0.0140142 0.999889
1.094e-09 0.00507292 0.0140385 0.999889
1.095e-09 0.00508174 0.0140633 0.999888
1.096e-09 0.00508877 0.0140887 0.999888
1.097e-09 0.00509398 0.0141144 0.999887
1.098e-09 0.00509737 0.0141402 0.999887
1.099e-09 0.00509893 0.0141662 0.999887
1.1e-09 0.00509865 0.0141922 0.999886
1.101e-09 0.00509657 0.0142179 0.999886
1.102e-09 0.0050927 0.0142434 0.999886
1.103e-09 0.00508706 0.0142684 0.999885
1.104e-09 0.00507971 0.014293 0.999885
1.105e-09 0.00507068 0.0143168 0.999885
1.106e-09 0.00506004 0.0143399 0.999884
1.107e-09 0.00504784 0.0143621 0.999884
1.108e-09 0.00503417 0.0143833 0.999884
1.109e-09 0.00501908 0.0144035 0.999884
1.11e-09 0.00500268 0.0144224 0.999883
1.111e-09 0.00498504 0.0144401 0.999883
1.112e-09 0.00496627 0.0144565 0.999883
1.113e-09 0.00494646 0.0144715 0.999883
1.114e-09 0.00492572 0.014485 0.999883
1.115e-09 0.00490415 0.0144969 0.999883
1.116e-09 0.00488188 0.0145073 0.999883
1.117e-09 0.004859 0.0145161 0.999883
1.118e-09 0.00483565 0.0145232 0.999883
1.119e-09 0.00481194 0.0145286 0.999883
1.12e-09 0.00478798 0.0145324 0.999883
1.121e-09 0.0047639 0.0145344 0.999883
1.122e-09 0.00473982 0.0145348 0.999883
1.123e-09 0.00471585 0.0145334 0.999883
1.124e-09 0.00469212 0.0145304 0.999883
1.125e-09 0.00466873 0.0145258 0.999884
1.126e-09 0.00464581 0.0145195 0.999884
1.127e-09 0.00462345 0.0145117 0.999884
1.128e-09 0.00460178 0.0145024 0.999884
1.129e-09 0.00458088 0.0144916 0.999884
1.13e-09 0.00456086 0.0144793 0.999885
1.131e-09 0.00454182 0.0144658 0.999885
1.132e-09 0.00452383 0.014451 0.999885
1.133e-09 0.00450698 0.0144351 0.999886
1.134e-09 0.00449134 0.014418 0.999886
1.135e-09 0.00447699 0.0144 0.999886
1.136e-09 0.00446399 0.014381 0.999887
1.137e-09 0.00445238 0.0143613 0.999887
1.138e-09 0.00444223 0.0143409 0.999887
1.139e-09 0.00443356 0.0143198 0.999888
1.14e-09 0.00442642 0.0142983 0.999888
1.141e-09 0.00442082 0.0142764 0.999888
1.142e-09 0.00441678 0.0142543 0.999889
1.143e-09 0.00441432 0.014232 0.999889
1.144e-09 0.00441344 0.0142096 0.999889
1.145e-09 0.00441412 0.0141873 0.99989
1.146e-09 0.00441636 0.0141652 0.99989
1.147e-09 0.00442013 0.0141434 0.99989
1.148e-09 0.00442541 0.014122 0.99989
1.149e-09 0.00443215 0.0141011 0.999891
1.15e-09 0.00444032 0.0140807 0.999891
1.151e-09 0.00444987 0.0140611 0.999891
1.152e-09 0.00446074 0.0140422 0.999891
1.153e-09 0.00447286 0.0140242 0.999892
1.154e-09 0.00448617 0.0140072 0.999892
1.155e-09 0.00450059 0.0139912 0.999892
1.156e-09 0.00451605 0.0139763 0.999892
1.157e-09 0.00453247 0.0139625 0.999892
1.158e-09 0.00454975 0.01395 0.999892
1.159e-09 0.00456781 0.0139388 0.999892
1.16e-09 0.00458654 0.0139289 0.999892
1.161e-09 0.00460586 0.0139203 0.999892
1.162e-09 0.00462567 0.0139132 0.999893
1.163e-09 0.00464586 0.0139075 0.999892
1.164e-09 0.00466633 0.0139032 0.999892
1.165e-09 0.00468698 0.0139004 0.999892
1.166e-09 0.0047077 0.0138991 0.999892
1.167e-09 0.0047284 0.0138992 0.999892
1.168e-09 0.00474897 0.0139008 0.999892
1.169e-09 0.00476931 0.0139038 0.999892
1.17e-09 0.00478932 0.0139082 0.999892
1.171e-09 0.00480891 0.0139139 0.999892
1.172e-09 0.00482798 0.0139211 0.999891
1.173e-09 0.00484644 0.0139295 0.999891
1.174e-09 0.0048642 0.0139391 0.999891
1.175e-09 0.00488119 0.0139499 0.999891
1.176e-09 0.00489732 0.0139619 0.999891
1.177e-09 0.00491252 0.0139749 0.99989
1.178e-09 0.00492672 0.0139889 0.99989
1.179e-09 0.00493985 0.0140039 0.99989
1.18e-09 0.00495187 0.0140196 0.999889
1.181e-09 0.00496271 0.0140361 0.999889
1.182e-09 0.00497234 0.0140533 0.999889
1.183e-09 0.00498071 0.014071 0.999889
1.184e-09 0.00498779 0.0140892 0.999888
1.185e-09 0.00499355 0.0141078 0.999888
1.186e-09 0.00499798 0.0141267 0.999888
1.187e-09 0.00500106 0.0141458 0.999887
1.188e-09 0.00500279 0.014165 0.999887
1.189e-09 0.00500316 0.0141843 0.999887
1.19e-09 0.00500218 0.0142034 0.999887
1.191e-09 0.00499988 0.0142223 0.999886
1.192e-09 0.00499626 0.014241 0.999886
1.193e-09 0.00499135 0.0142593 0.999886
1.194e-09 0.00498519 0.0142772 0.999886
1.195e-09 0.00497782 0.0142945 0.999885
1.196e-09 0.00496927 0.0143113 0.999885
1.197e-09 0.00495961 0.0143273 0.999885
1.198e-09 0.00494888 0.0143425 0.999885
1.199e-09 0.00493715 0.0143569 0.999885
1.2e-09 0.00492447 0.0143704 0.999885
1.201e-09 0.00491093 0.014383 0.999884
1.202e-09 0.00489659 0.0143945 0.999884
1.203e-09 0.00488152 0.014405 0.999884
1.204e-09 0.00486581 0.0144143 0.999884
1.205e-09 0.00484954 0.0144225 0.999884
1.206e-09 0.0048328 0.0144295 0.999884
1.207e-09 0.00481565 0.0144353 0.999884
1.208e-09 0.00479821 0.0144398 0.999884
1.209e-09 0.00478055 0.0144431 0.999884
1.21e-09 0.00476276 0.0144452 0.999884
1.211e-09 0.00474493 0.0144459 0.999884
1.212e-09 0.00472715 0.0144455 0.999884
1.213e-09 0.0047095 0.0144438 0.999885
1.214e-09 0.00469208 0.0144409 0.999885
1.215e-09 0.00467496 0.0144367 0.999885
1.216e-09 0.00465823 0.0144314 0.999885
1.217e-09 0.00464197 0.014425 0.999885
1.218e-09 0.00462626 0.0144174 0.999885
1.219e-09 0.00461116 0.0144088 0.999886
1.22e-09 0.00459675 0.0143992 0.999886
1.221e-09 0.0045831 0.0143887 0.999886
1.222e-09 0.00457027 0.0143772 0.999886
1.223e-09 0.00455831 0.0143649 0.999886
1.224e-09 0.00454729 0.0143519 0.999887
1.225e-09 0.00453724 0.0143382 0.999887
1.226e-09 0.00452821 0.0143238 0.999887
1.227e-09 0.00452023 0.0143089 0.999887
1.228e-09 0.00451335 0.0142935 0.999888
1.229e-09 0.00450759 0.0142777 0.999888
1.23e-09 0.00450296 0.0142616 0.999888
1.231e-09 0.00449948 0.0142453 0.999888
1.232e-09 0.00449717 0.0142288 0.999889
1.233e-09 0.00449602 0.0142123 0.999889
1.234e-09 0.00449603 0.0141958 0.999889
1.235e-09 0.0044972 0.0141794 0.999889
1.236e-09 0.00449952 0.0141631 0.99989
1.237e-09 0.00450295 0.0141471 0.99989
1.238e-09 0.00450749 0.0141315 0.99989
1.239e-09 0.00451309 0.0141162 0.99989
1.24e-09 0.00451973 0.0141015 0.99989
1.241e-09 0.00452736 0.0140873 0.999891
1.242e-09 0.00453594 0.0140737 0.999891
1.243e-09 0.00454542 0.0140608 0.999891
1.244e-09 0.00455576 0.0140486 0.999891
1.245e-09 0.00456688 0.0140372 0.999891
1.246e-09 0.00457874 0.0140267 0.999891
1.247e-09 0.00459126 0.014017 0.999891
1.248e-09 0.00460438 0.0140083 0.999891
1.249e-09 0.00461804 0.0140005 0.999891
1.25e-09 0.00463217 0.0139938 0.999891
1.251e-09 0.00464668 0.0139881 0.999891
1.252e-09 0.00466151 0.0139834 0.999891
1.253e-09 0.00467657 0.0139798 0.999891
1.254e-09 0.00469181 0.0139773 0.999891
1.255e-09 0.00470713 0.0139758 0.999891
1.256e-09 0.00472246 0.0139754 0.999891
1.257e-09 0.00473773 0.0139762 0.999891
1.258e-09 0.00475286 0.0139779 0.999891
1.259e-09 0.00476778 0.0139807 0.999891
1.26e-09 0.00478242 0.0139846 0.999891
1.261e-09 0.0047967 0.0139894 0.999891
1.262e-09 0.00481056 0.0139953 0.99989
1.263e-09 0.00482393 0.014002 0.99989
1.264e-09 0.00483675 0.0140097 0.99989
1.265e-09 0.00484896 0.0140182 0.99989
1.266e-09 0.0048605 0.0140275 0.99989
1.267e-09 0.00487133 0.0140375 0.99989
1.268e-09 0.00488139 0.0140483 0.999889
1.269e-09 0.00489063 0.0140597 0.999889
1.27e-09 0.00489903 0.0140717 0.999889
1.271e-09 0.00490654 0.0140842 0.999889
1.272e-09 0.00491313 0.0140971 0.999889
1.273e-09 0.00491878 0.0141105 0.999888
1.274e-09 0.00492345 0.0141241 0.999888
1.275e-09 0.00492715 0.014138 0.999888
1.276e-09 0.00492985 0.0141521 0.999888
1.277e-09 0.00493156 0.0141663 0.999887
1.278e-09 0.00493225 0.0141805 0.999887
1.279e-09 0.00493195 0.0141947 0.999887
1.28e-09 0.00493066 0.0142088 0.999887
1.281e-09 0.00492839 0.0142227 0.999887
1.282e-09 0.00492516 0.0142364 0.999887
1.283e-09 0.00492099 0.0142498 0.999886
1.284e-09 0.00491591 0.0142628 0.999886
1.285e-09 0.00490995 0.0142753 0.999886
1.286e-09 0.00490315 0.0142874 0.999886
1.287e-09 0.00489554 0.0142989 0.999886
1.288e-09 0.00488717 0.0143099 0.999886
1.289e-09 0.00487808 0.0143202 0.999886
1.29e-09 0.00486832 0.0143297 0.999885
1.291e-09 0.00485795 0.0143386 0.999885
1.292e-09 0.00484703 0.0143467 0.999885
1.293e-09 0.0048356 0.0143539 0.999885
1.294e-09 0.00482372 0.0143603 0.999885
1.295e-09 0.00481147 0.0143659 0.999885
1.296e-09 0.00479891 0.0143706 0.999885
1.297e-09 0.00478609 0.0143743 0.999885
1.298e-09 0.00477308 0.0143771 0.999885
1.299e-09 0.00475994 0.0143791 0.999885
1.3e-09 0.00474676 0.01438 0.999885
1.301e-09 0.00473358 0.0143801 0.999885
1.302e-09 0.00472047 0.0143792 0.999885
1.303e-09 0.0047075 0.0143774 0.999886
1.304e-09 0.00469473 0.0143747 0.999886
1.305e-09 0.00468222 0.0143712 0.999886
1.306e-09 0.00467004 0.0143668 0.999886
1.307e-09 0.00465823 0.0143615 0.999886
1.308e-09 0.00464686 0.0143555 0.999886
1.309e-09 0.00463598 0.0143487 0.999886
1.31e-09 0.00462563 0.0143412 0.999886
1.311e-09 0.00461588 0.014333 0.999887
1.312e-09 0.00460675 0.0143242 0.999887
1.313e-09 0.00459829 0.0143147 0.999887
1.314e-09 0.00459055 0.0143048 0.999887
1.315e-09 0.00458354 0.0142943 0.999887
1.316e-09 0.00457731 0.0142835 0.999888
1.317e-09 0.00457187 0.0142722 0.999888
1.318e-09 0.00456725 0.0142607 0.999888
1.319e-09 0.00456347 0.0142488 0.999888
1.32e-09 0.00456054 0.0142368 0.999888
1.321e-09 0.00455846 0.0142247 0.999888
1.322e-09 0.00455724 0.0142125 0.999889
1.323e-09 0.00455689 0.0142002 0.999889
1.324e-09 0.0045574 0.014188 0.999889
1.325e-09 0.00455875 0.014176 0.999889
1.326e-09 0.00456094 0.0141641 0.999889
1.327e-09 0.00456396 0.0141524 0.999889
1.328e-09 0.00456777 0.0141409 0.99989
1.329e-09 0.00457236 0.0141299 0.99989
1.33e-09 0.0045777 0.0141192 0.99989
1.331e-09 0.00458376 0.0141089 0.99989
1.332e-09 0.0045905 0.0140991 0.99989
1.333e-09 0.00459788 0.0140899 0.99989
1.334e-09 0.00460587 0.0140812 0.99989
1.335e-09 0.00461442 0.0140731 0.99989
1.336e-09 0.00462348 0.0140657 0.99989
1.337e-09 0.00463301 0.014059 0.99989
1.338e-09 0.00464296 0.0140529 0.99989
1.339e-09 0.00465327 0.0140476 0.99989
1.34e-09 0.00466389 0.0140431 0.999891
1.341e-09 0.00467477 0.0140393 0.999891
1.342e-09 0.00468585 0.0140363 0.999891
1.343e-09 0.00469708 0.0140341 0.99989
1.344e-09 0.00470839 0.0140327 0.99989
1.345e-09 0.00471974 0.014032 0.99989
1.346e-09 0.00473107 0.0140322 0.99989
1.347e-09 0.00474231 0.0140332 0.99989
1.348e-09 0.00475343 0.014035 0.99989
1.349e-09 0.00476435 0.0140375 0.99989
1.35e-09 0.00477504 0.0140408 0.99989
1.351e-09 0.00478543 0.0140448 0.99989
1.352e-09 0.00479548 0.0140495 0.99989
1.353e-09 0.00480515 0.0140549 0.99989
1.354e-09 0.00481438 0.0140609 0.99989
1.355e-09 0.00482313 0.0140675 0.999889
1.356e-09 0.00483137 0.0140747 0.999889
1.357e-09 0.00483906 0.0140825 0.999889
1.358e-09 0.00484616 0.0140907 0.999889
1.359e-09 0.00485265 0.0140994 0.999889
1.36e-09 0.00485848 0.0141085 0.999889
1.361e-09 0.00486365 0.014118 0.999889
1.362e-09 0.00486813 0.0141277 0.999888
1.363e-09 0.00487189 0.0141377 0.999888
1.364e-09 0.00487494 0.014148 0.999888
1.365e-09 0.00487725 0.0141583 0.999888
1.366e-09 0.00487882 0.0141688 0.999888
1.367e-09 0.00487965 0.0141793 0.999888
1.368e-09 0.00487974 0.0141898 0.999887
1.369e-09 0.0048791 0.0142003 0.999887
1.37e-09 0.00487772 0.0142107 0.999887
1.371e-09 0.00487563 0.0142209 0.999887
1.372e-09 0.00487284 0.0142308 0.999887
1.373e-09 0.00486936 0.0142406 0.999887
1.374e-09 0.00486523 0.01425 0.999887
1.375e-09 0.00486045 0.0142591 0.999887
1.376e-09 0.00485507 0.0142678 0.999886
1.377e-09 0.00484911 0.0142761 0.999886
1.378e-09 0.0048426 0.0142839 0.999886
1.379e-09 0.00483559 0.0142912 0.999886
1.38e-09 0.00482811 0.014298 0.999886
1.381e-09 0.00482019 0.0143043 0.999886
1.382e-09 0.00481188 0.0143099 0.999886
1.383e-09 0.00480323 0.0143149 0.999886
1.384e-09 0.00479428 0.0143193 0.999886
1.385e-09 0.00478507 0.014323 0.999886
1.386e-09 0.00477566 0.0143261 0.999886
1.387e-09 0.00476609 0.0143285 0.999886
1.388e-09 0.0047564 0.0143302 0.999886
1.389e-09 0.00474666 0.0143312 0.999886
1.39e-09 0.0047369 0.0143315 0.999886
1.391e-09 0.00472717 0.0143311 0.999886
1.392e-09 0.00471752 0.0143301 0.999886
1.393e-09 0.004708 0.0143284 0.999886
1.394e-09 0.00469866 0.014326 0.999886
1.395e-09 0.00468954 0.014323 0.999886
1.396e-09 0.00468068 0.0143194 0.999887
1.397e-09 0.00467212 0.0143152 0.999887
1.398e-09 0.00466391 0.0143104 0.999887
1.399e-09 0.00465609 0.0143051 0.999887
1.4e-09 0.00464868 0.0142992 0.999887
1.401e-09 0.00464172 0.0142929 0.999887
1.402e-09 0.00463525 0.0142861 0.999887
1.403e-09 0.0046293 0.0142789 0.999887
1.404e-09 0.00462388 0.0142713 0.999887
1.405e-09 0.00461902 0.0142634 0.999888
1.406e-09 0.00461475 0.0142552 0.999888
1.407e-09 0.00461107 0.0142467 0.999888
1.408e-09 0.00460801 0.014238 0.999888
1.409e-09 0.00460557 0.0142292 0.999888
1.41e-09 0.00460376 0.0142203 0.999888
1.411e-09 0.00460259 0.0142112 0.999888
1.412e-09 0.00460206 0.0142022 0.999889
1.413e-09 0.00460217 0.0141932 0.999889
1.414e-09 0.00460291 0.0141842 0.999889
1.415e-09 0.00460427 0.0141753 0.999889
1.416e-09 0.00460624 0.0141666 0.999889
1.417e-09 0.00460882 0.014158 0.999889
1.418e-09 0.00461197 0.0141497 0.999889
1.419e-09 0.00461569 0.0141417 0.999889
1.42e-09 0.00461995 0.014134 0.999889
1.421e-09 0.00462473 0.0141266 0.99989
1.422e-09 0.00462999 0.0141195 0.99989
1.423e-09 0.00463572 0.0141129 0.99989
1.424e-09 0.00464187 0.0141068 0.99989
1.425e-09 0.00464842 0.0141011 0.99989
1.426e-09 0.00465533 0.0140959 0.99989
1.427e-09 0.00466256 0.0140912 0.99989
1.428e-09 0.00467008 0.014087 0.99989
1.429e-09 0.00467785 0.0140834 0.99989
1.43e-09 0.00468583 0.0140804 0.99989
1.431e-09 0.00469397 0.0140779 0.99989
1.432e-09 0.00470223 0.014076 0.99989
1.433e-09 0.00471058 0.0140747 0.99989
1.434e-09 0.00471898 0.014074 0.99989
1.435e-09 0.00472737 0.0140739 0.99989
1.436e-09 0.00473572 0.0140744 0.99989
1.437e-09 0.00474399 0.0140754 0.99989
1.438e-09 0.00475214 0.0140771 0.99989
1.439e-09 0.00476012 0.0140793 0.99989
1.44e-09 0.00476791 0.014082 0.999889
1.441e-09 0.00477546 0.0140853 0.999889
1.442e-09 0.00478274 0.014089 0.999889
1.443e-09 0.00478971 0.0140933 0.999889
1.444e-09 0.00479634 0.014098 0.999889
1.445e-09 0.0048026 0.0141032 0.999889
1.446e-09 0.00480847 0.0141088 0.999889
1.447e-09 0.00481391 0.0141147 0.999889
1.448e-09 0.0048189 0.014121 0.999889
1.449e-09 0.00482343 0.0141276 0.999889
1.45e-09 0.00482746 0.0141345 0.999888
1.451e-09 0.00483099 0.0141416 0.999888
1.452e-09 0.004834 0.014149 0.999888
1.453e-09 0.00483648 0.0141565 0.999888
1.454e-09 0.00483842 0.0141641 0.999888
1.455e-09 0.00483982 0.0141718 0.999888
1.456e-09 0.00484067 0.0141796 0.999888
1.457e-09 0.00484097 0.0141874 0.999888
1.458e-09 0.00484072 0.0141951 0.999888
1.459e-09 0.00483993 0.0142028 0.999887
1.46e-09 0.0048386 0.0142104 0.999887
1.461e-09 0.00483676 0.0142179 0.999887
1.462e-09 0.0048344 0.0142252 0.999887
1.463e-09 0.00483154 0.0142323 0.999887
1.464e-09 0.0048282 0.0142391 0.999887
1.465e-09 0.00482441 0.0142457 0.999887
1.466e-09 0.00482018 0.014252 0.999887
1.467e-09 0.00481553 0.0142579 0.999887
1.468e-09 0.0048105 0.0142635 0.999887
1.469e-09 0.0048051 0.0142686 0.999887
1.47e-09 0.00479938 0.0142734 0.999887
1.471e-09 0.00479335 0.0142778 0.999887
1.472e-09 0.00478705 0.0142817 0.999887
1.473e-09 0.00478052 0.0142851 0.999887
1.474e-09 0.00477378 0.0142881 0.999887
1.475e-09 0.00476688 0.0142906 0.999887
1.476e-09 0.00475984 0.0142925 0.999887
1.477e-09 0.0047527 0.014294 0.999887
1.478e-09 0.00474551 0.014295 0.999887
1.479e-09 0.00473828 0.0142955 0.999887
1.48e-09 0.00473107 0.0142954 0.999887
1.481e-09 0.0047239 0.0142948 0.999887
1.482e-09 0.00471682 0.0142938 0.999887
1.483e-09 0.00470984 0.0142923 0.999887
1.484e-09 0.00470302 0.0142902 0.999887
1.485e-09 0.00469638 0.0142877 0.999887
1.486e-09 0.00468995 0.0142848 0.999887
1.487e-09 0.00468376 0.0142814 0.999887
1.488e-09 0.00467785 0.0142777 0.999887
1.489e-09 0.00467223 0.0142735 0.999887
1.49e-09 0.00466694 0.0142689 0.999887
1.491e-09 0.004662 0.014264 0.999887
1.492e-09 0.00465743 0.0142588 0.999887
1.493e-09 0.00465325 0.0142533 0.999888
1.494e-09 0.00464947 0.0142476 0.999888
1.495e-09 0.00464613 0.0142416 0.999888
1.496e-09 0.00464322 0.0142354 0.999888
1.497e-09 0.00464076 0.0142291 0.999888
1.498e-09 0.00463876 0.0142226 0.999888
1.499e-09 0.00463722 0.014216 0.999888
1.5e-09 0.00463616 0.0142093 0.999888
1.501e-09 0.00463557 0.0142026 0.999888
1.502e-09 0.00463544 0.0141959 0.999888
1.503e-09 0.00463579 0.0141893 0.999889
1.504e-09 0.00463661 0.0141827 0.999889
1.505e-09 0.00463788 0.0141762 0.999889
1.506e-09 0.00463959 0.0141698 0.999889
1.507e-09 0.00464175 0.0141636 0.999889
1.508e-09 0.00464432 0.0141575 0.999889
1.509e-09 0.00464731 0.0141517 0.999889
1.51e-09 0.00465068 0.0141461 0.999889
1.511e-09 0.00465443 0.0141408 0.999889
1.512e-09 0.00465852 0.0141358 0.999889
1.513e-09 0.00466295 0.0141311 0.999889
1.514e-09 0.00466767 0.0141267 0.999889
1.515e-09 0.00467268 0.0141227 0.999889
1.516e-09 0.00467793 0.0141191 0.999889
1.517e-09 0.00468341 0.0141158 0.999889
1.518e-09 0.00468908 0.014113 0.999889
1.519e-09 0.00469492 0.0141106 0.999889
1.52e-09 0.0047009 0.0141086 0.999889
1.521e-09 0.00470698 0.014107 0.999889
1.522e-09 0.00471313 0.0141058 0.999889
1.523e-09 0.00471934 0.0141051 0.999889
1.524e-09 0.00472555 0.0141049 0.999889
1.525e-09 0.00473175 0.014105 0.999889
1.526e-09 0.00473789 0.0141056 0.999889
1.527e-09 0.00474396 0.0141067 0.999889
1.528e-09 0.00474993 0.0141081 0.999889
1.529e-09 0.00475576 0.01411 0.999889
1.53e-09 0.00476142 0.0141122 0.999889
1.531e-09 0.00476689 0.0141149 0.999889
1.532e-09 0.00477215 0.0141179 0.999889
1.533e-09 0.00477717 0.0141212 0.999889
1.534e-09 0.00478192 0.0141249 0.999889
1.535e-09 0.00478638 0.0141289 0.999889
1.536e-09 0.00479055 0.0141332 0.999889
1.537e-09 0.00479438 0.0141377 0.999889
1.538e-09 0.00479788 0.0141425 0.999888
1.539e-09 0.00480102 0.0141475 0.999888
1.54e-09 0.00480379 0.0141527 0.999888
1.541e-09 0.00480618 0.0141581 0.999888
1.542e-09 0.00480819 0.0141636 0.999888
1.543e-09 0.00480979 0.0141692 0.999888
1.544e-09 0.004811 0.0141749 0.999888
1.545e-09 0.0048118 0.0141806 0.999888
1.546e-09 0.00481219 0.0141864 0.999888
1.547e-09 0.00481218 0.0141922 0.999888
1.548e-09 0.00481176 0.0141979 0.999888
1.549e-09 0.00481095 0.0142035 0.999888
1.55e-09 0.00480974 0.0142091 0.999887
1.551e-09 0.00480816 0.0142146 0.999887
1.552e-09 0.0048062 0.0142199 0.999887
1.553e-09 0.00480388 0.014225 0.999887
1.554e-09 0.00480121 0.01423 0.999887
1.555e-09 0.00479822 0.0142347 0.999887
1.556e-09 0.0047949 0.0142392 0.999887
1.557e-09 0.0047913 0.0142434 0.999887
1.558e-09 0.00478742 0.0142474 0.999887
1.559e-09 0.00478328 0.0142511 0.999887
1.56e-09 0.00477891 0.0142544 0.999887
1.561e-09 0.00477434 0.0142574 0.999887
1.562e-09 0.00476957 0.0142601 0.999887
1.563e-09 0.00476465 0.0142625 0.999887
1.564e-09 0.00475959 0.0142645 0.999887
1.565e-09 0.00475442 0.0142661 0.999887
1.566e-09 0.00474917 0.0142673 0.999887
1.567e-09 0.00474386 0.0142682 0.999887
1.568e-09 0.00473852 0.0142687 0.999887
1.569e-09 0.00473317 0.0142688 0.999887
1.57e-09 0.00472785 0.0142686 0.999887
1.571e-09 0.00472258 0.014268 0.999887
1.572e-09 0.00471738 0.014267 0.999887
1.573e-09 0.00471228 0.0142656 0.999887
1.574e-09 0.00470731 0.0142639 0.999887
1.575e-09 0.00470248 0.0142619 0.999887
1.576e-09 0.00469783 0.0142595 0.999887
1.577e-09 0.00469336 0.0142569 0.999887
1.578e-09 0.00468911 0.0142539 0.999887
1.579e-09 0.00468509 0.0142506 0.999887
1.58e-09 0.00468132 0.0142471 0.999888
1.581e-09 0.00467782 0.0142434 0.999888
1.582e-09 0.0046746 0.0142394 0.999888
1.583e-09 0.00467168 0.0142352 0.999888
1.584e-09 0.00466907 0.0142309 0.999888
1.585e-09 0.00466678 0.0142263 0.999888
1.586e-09 0.00466482 0.0142217 0.999888
1.587e-09 0.00466319 0.0142169 0.999888
1.588e-09 0.00466191 0.0142121 0.999888
1.589e-09 0.00466098 0.0142072 0.999888
1.59e-09 0.00466039 0.0142022 0.999888
1.591e-09 0.00466015 0.0141973 0.999888
1.592e-09 0.00466026 0.0141923 0.999888
1.593e-09 0.00466072 0.0141874 0.999888
1.594e-09 0.00466152 0.0141826 0.999889
1.595e-09 0.00466265 0.0141778 0.999889
1.596e-09 0.00466411 0.0141732 0.999889
1.597e-09 0.00466588 0.0141686 0.999889
1.598e-09 0.00466797 0.0141642 0.999889
1.599e-09 0.00467034 0.01416 0.999889
1.6e-09 0.004673 0.014156 0.999889
1.601e-09 0.00467592 0.0141522 0.999889
1.602e-09 0.00467909 0.0141486 0.999889
1.603e-09 0.0046825 0.0141453 0.999889
1.604e-09 0.00468611 0.0141422 0.999889
1.605e-09 0.00468993 0.0141394 0.999889
1.606e-09 0.00469391 0.0141369 0.999889
1.607e-09 0.00469805 0.0141347 0.999889
1.608e-09 0.00470232 0.0141327 0.999889
1.609e-09 0.00470671 0.0141311 0.999889
1.61e-09 0.00471118 0.0141298 0.999889
1.611e-09 0.00471571 0.0141288 0.999889
1.612e-09 0.00472029 0.0141282 0.999889
1.613e-09 0.00472488 0.0141278 0.999889
1.614e-09 0.00472948 0.0141278 0.999889
1.615e-09 0.00473404 0.0141281 0.999889
1.616e-09 0.00473856 0.0141288 0.999889
1.617e-09 0.00474301 0.0141297 0.999889
1.618e-09 0.00474737 0.0141309 0.999889
1.619e-09 0.00475161 0.0141325 0.999889
1.62e-09 0.00475573 0.0141343 0.999889
1.621e-09 0.00475969 0.0141364 0.999889
1.622e-09 0.00476347 0.0141388 0.999889
1.623e-09 0.00476708 0.0141414 0.999889
1.624e-09 0.00477047 0.0141443 0.999889
1.625e-09 0.00477365 0.0141474 0.999889
1.626e-09 0.00477659 0.0141507 0.999888
1.627e-09 0.00477929 0.0141541 0.999888
1.628e-09 0.00478172 0.0141578 0.999888
1.629e-09 0.00478389 0.0141616 0.999888
1.63e-09 0.00478578 0.0141655 0.999888
1.631e-09 0.00478739 0.0141695 0.999888
1.632e-09 0.0047887 0.0141736 0.999888
1.633e-09 0.00478972 0.0141778 0.999888
1.634e-09 0.00479043 0.0141821 0.999888
1.635e-09 0.00479085 0.0141863 0.999888
1.636e-09 0.00479097 0.0141906 0.999888
1.637e-09 0.00479079 0.0141948 0.999888
1.638e-09 0.00479031 0.014199 0.999888
1.639e-09 0.00478954 0.0142032 0.999888
1.64e-09 0.00478849 0.0142073 0.999888
1.641e-09 0.00478715 0.0142112 0.999888
1.642e-09 0.00478555 0.0142151 0.999888
1.643e-09 0.00478368 0.0142188 0.999887
1.644e-09 0.00478157 0.0142224 0.999887
1.645e-09 0.00477921 0.0142258 0.999887
1.646e-09 0.00477664 0.014229 0.999887
1.647e-09 0.00477385 0.014232 0.999887
1.648e-09 0.00477087 0.0142348 0.999887
1.649e-09 0.00476771 0.0142374 0.999887
1.65e-09 0.00476438 0.0142398 0.999887
1.651e-09 0.00476091 0.0142419 0.999887
1.652e-09 0.00475732 0.0142437 0.999887
1.653e-09 0.00475361 0.0142453 0.999887
1.654e-09 0.00474982 0.0142466 0.999887
1.655e-09 0.00474596 0.0142477 0.999887
1.656e-09 0.00474204 0.0142484 0.999887
1.657e-09 0.0047381 0.0142489 0.999887
1.658e-09 0.00473415 0.0142491 0.999887
1.659e-09 0.0047302 0.014249 0.999887
1.66e-09 0.00472628 0.0142487 0.999887
1.661e-09 0.00472241 0.0142481 0.999887
1.662e-09 0.0047186 0.0142472 0.999887
1.663e-09 0.00471488 0.0142461 0.999887
1.664e-09 0.00471126 0.0142447 0.999887
1.665e-09 0.00470776 0.014243 0.999887
1.666e-09 0.00470439 0.0142411 0.999888
1.667e-09 0.00470118 0.014239 0.999888
1.668e-09 0.00469813 0.0142367 0.999888
1.669e-09 0.00469526 0.0142342 0.999888
1.67e-09 0.00469259 0.0142315 0.999888
1.671e-09 0.00469011 0.0142286 0.999888
1.672e-09 0.00468786 0.0142256 0.999888
1.673e-09 0.00468583 0.0142224 0.999888
1.674e-09 0.00468403 0.0142191 0.999888
1.675e-09 0.00468248 0.0142157 0.999888
1.676e-09 0.00468117 0.0142122 0.999888
1.677e-09 0.00468011 0.0142087 0.999888
1.678e-09 0.00467931 0.014205 0.999888
1.679e-09 0.00467877 0.0142014 0.999888
1.68e-09 0.00467848 0.0141977 0.999888
1.681e-09 0.00467846 0.0141941 0.999888
1.682e-09 0.00467869 0.0141904 0.999888
1.683e-09 0.00467917 0.0141868 0.999888
1.684e-09 0.0046799 0.0141833 0.999888
1.685e-09 0.00468088 0.0141798 0.999889
1.686e-09 0.0046821 0.0141764 0.999889
1.687e-09 0.00468354 0.0141731 0.999889
1.688e-09 0.00468521 0.0141699 0.999889
1.689e-09 0.00468709 0.0141669 0.999889
1.69e-09 0.00468917 0.014164 0.999889
1.691e-09 0.00469144 0.0141613 0.999889
1.692e-09 0.00469389 0.0141587 0.999889
1.693e-09 0.0046965 0.0141564 0.999889
1.694e-09 0.00469926 0.0141542 0.999889
1.695e-09 0.00470216 0.0141523 0.999889
1.696e-09 0.00470517 0.0141505 0.999889
1.697e-09 0.0047083 0.014149 0.999889
1.698e-09 0.0047115 0.0141477 0.999889
1.699e-09 0.00471479 0.0141466 0.999889
1.7e-09 0.00471812 0.0141458 0.999889
1.701e-09 0.0047215 0.0141452 0.999889
1.702e-09 0.0047249 0.0141449 0.999889
1.703e-09 0.0047283 0.0141447 0.999889
1.704e-09 0.00473169 0.0141449 0.999889
1.705e-09 0.00473505 0.0141452 0.999889
1.706e-09 0.00473837 0.0141458 0.999889
1.707e-09 0.00474162 0.0141467 0.999889
1.708e-09 0.0047448 0.0141477 0.999889
1.709e-09 0.00474788 0.014149 0.999889
1.71e-09 0.00475086 0.0141505 0.999889
1.711e-09 0.00475372 0.0141521 0.999889
1.712e-09 0.00475645 0.014154 0.999889
1.713e-09 0.00475903 0.014156 0.999888
1.714e-09 0.00476145 0.0141583 0.999888
1.715e-09 0.0047637 0.0141606 0.999888
1.716e-09 0.00476577 0.0141631 0.999888
1.717e-09 0.00476766 0.0141658 0.999888
1.718e-09 0.00476935 0.0141685 0.999888
1.719e-09 0.00477083 0.0141714 0.999888
1.72e-09 0.00477211 0.0141744 0.999888
1.721e-09 0.00477317 0.0141774 0.999888
1.722e-09 0.00477402 0.0141805 0.999888
1.723e-09 0.00477464 0.0141836 0.999888
1.724e-09 0.00477505 0.0141867 0.999888
1.725e-09 0.00477523 0.0141899 0.999888
1.726e-09 0.00477519 0.014193 0.999888
1.727e-09 0.00477493 0.0141962 0.999888
1.728e-09 0.00477445 0.0141992 0.999888
1.729e-09 0.00477376 0.0142023 0.999888
1.73e-09 0.00477286 0.0142053 0.999888
1.731e-09 0.00477175 0.0142082 0.999888
1.732e-09 0.00477045 0.014211 0.999888
1.733e-09 0.00476897 0.0142136 0.999888
1.734e-09 0.0047673 0.0142162 0.999888
1.735e-09 0.00476546 0.0142187 0.999888
1.736e-09 0.00476346 0.014221 0.999888
1.737e-09 0.00476132 0.0142231 0.999888
1.738e-09 0.00475903 0.0142251 0.999887
1.739e-09 0.00475662 0.0142269 0.999887
1.74e-09 0.0047541 0.0142285 0.999887
1.741e-09 0.00475147 0.01423 0.999887
1.742e-09 0.00474877 0.0142312 0.999887
1.743e-09 0.00474599 0.0142323 0.999887
1.744e-09 0.00474315 0.0142331 0.999887
1.745e-09 0.00474027 0.0142338 0.999887
1.746e-09 0.00473736 0.0142342 0.999887
1.747e-09 0.00473443 0.0142345 0.999887
1.748e-09 0.00473151 0.0142345 0.999887
1.749e-09 0.0047286 0.0142344 0.999888
1.75e-09 0.00472571 0.014234 0.999888
1.751e-09 0.00472288 0.0142334 0.999888
1.752e-09 0.00472009 0.0142326 0.999888
1.753e-09 0.00471738 0.0142317 0.999888
1.754e-09 0.00471475 0.0142305 0.999888
1.755e-09 0.00471222 0.0142292 0.999888
1.756e-09 0.00470979 0.0142277 0.999888
1.757e-09 0.00470748 0.0142261 0.999888
1.758e-09 0.0047053 0.0142243 0.999888
1.759e-09 0.00470326 0.0142223 0.999888
1.76e-09 0.00470137 0.0142203 0.999888
1.761e-09 0.00469963 0.0142181 0.999888
1.762e-09 0.00469805 0.0142158 0.999888
1.763e-09 0.00469665 0.0142134 0.999888
1.764e-09 0.00469542 0.0142109 0.999888
1.765e-09 0.00469438 0.0142083 0.999888
1.766e-09 0.00469352 0.0142057 0.999888
1.767e-09 0.00469284 0.014203 0.999888
1.768e-09 0.00469236 0.0142004 0.999888
1.769e-09 0.00469207 0.0141976 0.999888
1.77e-09 0.00469197 0.0141949 0.999888
1.771e-09 0.00469206 0.0141922 0.999888
1.772e-09 0.00469234 0.0141895 0.999888
1.773e-09 0.0046928 0.0141869 0.999888
1.774e-09 0.00469345 0.0141843 0.999888
1.775e-09 0.00469427 0.0141818 0.999888
1.776e-09 0.00469527 0.0141793 0.999888
1.777e-09 0.00469644 0.0141769 0.999888
1.778e-09 0.00469776 0.0141746 0.999888
1.779e-09 0.00469924 0.0141724 0.999889
1.78e-09 0.00470086 0.0141704 0.999889
1.781e-09 0.00470262 0.0141684 0.999889
1.782e-09 0.0047045 0.0141666 0.999889
1.783e-09 0.0047065 0.014165 0.999889
1.784e-09 0.0047086 0.0141634 0.999889
1.785e-09 0.0047108 0.0141621 0.999889
1.786e-09 0.00471308 0.0141609 0.999889
1.787e-09 0.00471543 0.0141599 0.999889
1.788e-09 0.00471783 0.014159 0.999889
1.789e-09 0.00472029 0.0141583 0.999889
1.79e-09 0.00472277 0.0141578 0.999889
1.791e-09 0.00472528 0.0141575 0.999889
1.792e-09 0.0047278 0.0141573 0.999889
1.793e-09 0.00473031 0.0141573 0.999889
1.794e-09 0.00473281 0.0141575 0.999889
1.795e-09 0.00473528 0.0141579 0.999889
1.796e-09 0.00473771 0.0141584 0.999889
1.797e-09 0.00474009 0.0141591 0.999889
1.798e-09 0.0047424 0.01416 0.999888
1.799e-09 0.00474464 0.014161 0.999888
1.8e-09 0.00474679 0.0141622 0.999888
1.801e-09 0.00474885 0.0141635 0.999888
1.802e-09 0.00475081 0.014165 0.999888
1.803e-09 0.00475265 0.0141666 0.999888
1.804e-09 0.00475437 0.0141683 0.999888
1.805e-09 0.00475596 0.0141701 0.999888
1.806e-09 0.00475741 0.014172 0.999888
1.807e-09 0.00475873 0.014174 0.999888
1.808e-09 0.00475989 0.0141761 0.999888
1.809e-09 0.0047609 0.0141783 0.999888
1.81e-09 0.00476176 0.0141805 0.999888
1.811e-09 0.00476245 0.0141827 0.999888
1.812e-09 0.00476298 0.014185 0.999888
1.813e-09 0.00476335 0.0141874 0.999888
1.814e-09 0.00476355 0.0141897 0.999888
1.815e-09 0.00476359 0.014192 0.999888
1.816e-09 0.00476347 0.0141944 0.999888
1.817e-09 0.00476318 0.0141967 0.999888
1.818e-09 0.00476274 0.0141989 0.999888
1.819e-09 0.00476214 0.0142011 0.999888
1.82e-09 0.00476138 0.0142033 0.999888
1.821e-09 0.00476048 0.0142054 0.999888
1.822e-09 0.00475944 0.0142074 0.999888
1.823e-09 0.00475826 0.0142094 0.999888
1.824e-09 0.00475695 0.0142112 0.999888
1.825e-09 0.00475552 0.014213 0.999888
1.826e-09 0.00475398 0.0142146 0.999888
1.827e-09 0.00475233 0.0142161 0.999888
1.828e-09 0.00475059 0.0142175 0.999888
1.829e-09 0.00474875 0.0142188 0.999888
1.83e-09 0.00474684 0.0142199 0.999888
1.831e-09 0.00474487 0.0142209 0.999888
1.832e-09 0.00474283 0.0142218 0.999888
1.833e-09 0.00474075 0.0142225 0.999888
1.834e-09 0.00473863 0.014223 0.999888
1.835e-09 0.00473648 0.0142234 0.999888
1.836e-09 0.00473432 0.0142236 0.999888
1.837e-09 0.00473215 0.0142237 0.999888
1.838e-09 0.00472999 0.0142237 0.999888
1.839e-09 0.00472785 0.0142235 0.999888
1.84e-09 0.00472574 0.0142231 0.999888
1.841e-09 0.00472366 0.0142226 0.999888
1.842e-09 0.00472163 0.0142219 0.999888
1.843e-09 0.00471966 0.0142212 0.999888
1.844e-09 0.00471775 0.0142202 0.999888
1.845e-09 0.00471592 0.0142192 0.999888
1.846e-09 0.00471417 0.014218 0.999888
1.847e-09 0.00471252 0.0142167 0.999888
1.848e-09 0.00471096 0.0142153 0.999888
1.849e-09 0.00470952 0.0142138 0.999888
1.85e-09 0.00470818 0.0142123 0.999888
1.851e-09 0.00470696 0.0142106 0.999888
1.852e-09 0.00470587 0.0142088 0.999888
1.853e-09 0.00470491 0.014207 0.999888
1.854e-09 0.00470408 0.0142051 0.999888
1.855e-09 0.00470338 0.0142032 0.999888
1.856e-09 0.00470282 0.0142013 0.999888
1.857e-09 0.00470241 0.0141993 0.999888
1.858e-09 0.00470213 0.0141973 0.999888
1.859e-09 0.004702 0.0141953 0.999888
1.86e-09 0.004702 0.0141933 0.999888
1.861e-09 0.00470215 0.0141913 0.999888
1.862e-09 0.00470244 0.0141893 0.999888
1.863e-09 0.00470286 0.0141874 0.999888
1.864e-09 0.00470341 0.0141855 0.999888
1.865e-09 0.0047041 0.0141836 0.999888
1.866e-09 0.00470491 0.0141818 0.999888
1.867e-09 0.00470584 0.0141801 0.999888
1.868e-09 0.00470689 0.0141785 0.999888
1.869e-09 0.00470804 0.0141769 0.999888
1.87e-09 0.0047093 0.0141754 0.999888
1.871e-09 0.00471066 0.014174 0.999888
1.872e-09 0.0047121 0.0141728 0.999888
1.873e-09 0.00471362 0.0141716 0.999888
1.874e-09 0.00471522 0.0141705 0.999888
1.875e-09 0.00471688 0.0141696 0.999888
1.876e-09 0.0047186 0.0141688 0.999888
1.877e-09 0.00472036 0.0141681 0.999888
1.878e-09 0.00472216 0.0141675 0.999888
1.879e-09 0.00472399 0.0141671 0.999888
1.88e-09 0.00472584 0.0141668 0.999888
1.881e-09 0.00472771 0.0141666 0.999888
1.882e-09 0.00472957 0.0141666 0.999888
1.883e-09 0.00473142 0.0141667 0.999888
1.884e-09 0.00473326 0.0141669 0.999888
1.885e-09 0.00473507 0.0141672 0.999888
1.886e-09 0.00473685 0.0141677 0.999888
1.887e-09 0.00473858 0.0141683 0.999888
1.888e-09 0.00474026 0.014169 0.999888
1.889e-09 0.00474188 0.0141698 0.999888
1.89e-09 0.00474344 0.0141708 0.999888
1.891e-09 0.00474492 0.0141718 0.999888
1.892e-09 0.00474632 0.0141729 0.999888
1.893e-09 0.00474763 0.0141742 0.999888
1.894e-09 0.00474885 0.0141755 0.999888
1.895e-09 0.00474997 0.0141769 0.999888
1.896e-09 0.00475098 0.0141783 0.999888
1.897e-09 0.00475189 0.0141799 0.999888
1.898e-09 0.00475269 0.0141814 0.999888
1.899e-09 0.00475337 0.014183 0.999888
1.9e-09 0.00475393 0.0141847 0.999888
1.901e-09 0.00475438 0.0141864 0.999888
1.902e-09 0.0047547 0.0141881 0.999888
1.903e-09 0.0047549 0.0141898 0.999888
1.904e-09 0.00475498 0.0141916 0.999888
1.905e-09 0.00475494 0.0141933 0.999888
1.906e-09 0.00475478 0.014195 0.999888
1.907e-09 0.0047545 0.0141967 0.999888
1.908e-09 0.00475411 0.0141983 0.999888
1.909e-09 0.00475359 0.0142 0.999888
1.91e-09 0.00475297 0.0142015 0.999888
1.911e-09 0.00475225 0.0142031 0.999888
1.912e-09 0.00475142 0.0142045 0.999888
1.913e-09 0.00475049 0.0142059 0.999888
1.914e-09 0.00474947 0.0142073 0.999888
1.915e-09 0.00474836 0.0142085 0.999888
1.916e-09 0.00474717 0.0142097 0.999888
1.917e-09 0.00474591 0.0142107 0.999888
1.918e-09 0.00474458 0.0142117 0.999888
1.919e-09 0.00474319 0.0142126 0.999888
1.92e-09 0.00474175 0.0142134 0.999888
1.921e-09 0.00474026 0.014214 0.999888
1.922e-09 0.00473873 0.0142146 0.999888
1.923e-09 0.00473717 0.014215 0.999888
1.924e-09 0.00473559 0.0142154 0.999888
1.925e-09 0.004734 0.0142156 0.999888
1.926e-09 0.0047324 0.0142157 0.999888
1.927e-09 0.00473079 0.0142157 0.999888
1.928e-09 0.0047292 0.0142156 0.999888
1.929e-09 0.00472763 0.0142154 0.999888
1.93e-09 0.00472608 0.0142151 0.999888
1.931e-09 0.00472456 0.0142146 0.999888
1.932e-09 0.00472308 0.0142141 0.999888
1.933e-09 0.00472165 0.0142135 0.999888
1.934e-09 0.00472027 0.0142127 0.999888
1.935e-09 0.00471895 0.0142119 0.999888
1.936e-09 0.0047177 0.014211 0.999888
1.937e-09 0.00471652 0.01421 0.999888
1.938e-09 0.00471541 0.0142089 0.999888
1.939e-09 0.00471439 0.0142078 0.999888
1.94e-09 0.00471345 0.0142065 0.999888
1.941e-09 0.0047126 0.0142053 0.999888
1.942e-09 0.00471185 0.014204 0.999888
1.943e-09 0.00471119 0.0142026 0.999888
1.944e-09 0.00471063 0.0142012 0.999888
1.945e-09 0.00471018 0.0141997 0.999888
1.946e-09 0.00470982 0.0141983 0.999888
1.947e-09 0.00470958 0.0141968 0.999888
1.948e-09 0.00470943 0.0141953 0.999888
1.949e-09 0.00470939 0.0141938 0.999888
1.95e-09 0.00470946 0.0141924 0.999888
1.951e-09 0.00470963 0.0141909 0.999888
1.952e-09 0.0047099 0.0141894 0.999888
1.953e-09 0.00471027 0.014188 0.999888
1.954e-09 0.00471073 0.0141866 0.999888
1.955e-09 0.00471129 0.0141853 0.999888
1.956e-09 0.00471194 0.014184 0.999888
1.957e-09 0.00471268 0.0141828 0.999888
1.958e-09 0.0047135 0.0141816 0.999888
1.959e-09 0.0047144 0.0141804 0.999888
1.96e-09 0.00471538 0.0141794 0.999888
1.961e-09 0.00471642 0.0141784 0.999888
1.962e-09 0.00471752 0.0141775 0.999888
1.963e-09 0.00471868 0.0141767 0.999888
1.964e-09 0.00471989 0.014176 0.999888
1.965e-09 0.00472114 0.0141753 0.999888
1.966e-09 0.00472243 0.0141748 0.999888
1.967e-09 0.00472376 0.0141743 0.999888
1.968e-09 0.0047251 0.014174 0.999888
1.969e-09 0.00472647 0.0141737 0.999888
1.97e-09 0.00472784 0.0141735 0.999888
1.971e-09 0.00472922 0.0141735 0.999888
1.972e-09 0.0047306 0.0141735 0.999888
1.973e-09 0.00473196 0.0141736 0.999888
1.974e-09 0.00473331 0.0141738 0.999888
1.975e-09 0.00473464 0.0141741 0.999888
1.976e-09 0.00473593 0.0141745 0.999888
1.977e-09 0.00473719 0.014175 0.999888
1.978e-09 0.00473841 0.0141756 0.999888
1.979e-09 0.00473959 0.0141763 0.999888
1.98e-09 0.0047407 0.014177 0.999888
1.981e-09 0.00474177 0.0141778 0.999888
1.982e-09 0.00474276 0.0141787 0.999888
1.983e-09 0.0047437 0.0141796 0.999888
1.984e-09 0.00474456 0.0141806 0.999888
1.985e-09 0.00474534 0.0141817 0.999888
1.986e-09 0.00474605 0.0141828 0.999888
1.987e-09 0.00474667 0.0141839 0.999888
1.988e-09 0.00474721 0.0141851 0.999888
1.989e-09 0.00474767 0.0141863 0.999888
1.99e-09 0.00474803 0.0141876 0.999888
1.991e-09 0.00474831 0.0141888 0.999888
1.992e-09 0.0047485 0.0141901 0.999888
1.993e-09 0.0047486 0.0141914 0.999888
1.994e-09 0.0047486 0.0141927 0.999888
1.995e-09 0.00474852 0.0141939 0.999888
1.996e-09 0.00474835 0.0141952 0.999888
1.997e-09 0.00474809 0.0141964 0.999888
1.998e-09 0.00474775 0.0141977 0.999888
1.999e-09 0.00474733 0.0141988 0.999888
2e-09 0.00474682 0.0142 0.999888
